32.00 2.00 14.67 0.00 -0.00 0.00 0.00 0.00 14.67 519.84 0.25 Solved
32.00 9.33 14.67 0.00 -0.00 0.00 0.00 0.00 14.67 486.94 0.23 Solved
32.00 16.67 14.67 0.00 0.00 -0.00 -0.00 0.00 14.67 455.11 1.84 Solved
32.00 24.00 14.67 -0.00 0.00 -0.00 -0.00 0.00 14.67 424.36 7.13 Solved
32.00 31.33 14.67 -0.00 -0.00 -0.00 -0.00 0.00 14.67 394.68 10.18 Solved
32.00 38.67 14.67 -0.00 0.00 -0.00 -0.00 0.00 14.67 366.08 17.68 Solved
32.00 46.00 14.67 -0.00 -0.00 -0.30 -0.13 36.59 14.67 339.29 14.63 Solved
32.00 53.33 14.66 -0.15 0.00 0.16 0.07 -5.43 14.67 383.86 14.99 Solved
30.92 60.59 14.67 -0.07 0.00 0.13 0.06 -5.76 14.67 305.53 14.63 Solved
30.42 67.90 14.67 -0.01 0.00 0.10 0.04 -6.14 14.67 263.55 13.67 Solved
30.38 75.23 14.67 0.04 0.00 0.06 0.03 -6.58 14.67 242.96 14.43 Solved
30.69 82.56 14.67 0.07 0.00 0.03 0.01 -7.08 14.67 231.49 19.26 Solved
31.24 89.87 14.67 0.09 0.00 0.00 0.00 -7.66 14.67 219.97 17.43 Solved
31.90 97.18 14.67 0.09 0.00 -0.00 -0.00 -8.34 14.67 202.71 20.77 Solved
32.56 104.48 14.67 0.09 0.00 -0.00 -0.00 -9.16 14.67 187.00 29.31 Solved
33.22 111.78 14.67 0.09 -0.00 -0.15 -0.07 11.73 14.67 173.15 30.65 Solved
33.88 119.09 14.66 0.02 0.00 -0.12 -0.06 14.71 14.67 127.05 44.49 Solved
34.01 126.42 14.67 -0.04 0.00 -0.10 -0.05 16.72 14.67 109.24 40.26 Solved
33.69 133.75 14.67 -0.09 0.00 -0.08 -0.04 19.34 14.67 111.43 38.43 Solved
33.01 141.05 14.67 -0.13 0.00 -0.06 -0.03 22.88 14.67 127.63 31.13 Solved
32.04 148.32 14.67 -0.16 0.00 -0.04 -0.02 27.89 14.67 153.00 33.14 Solved
30.85 155.55 14.67 -0.18 -0.00 -0.02 -0.01 35.36 14.67 183.80 22.31 Solved
29.52 162.77 14.67 -0.19 -0.00 -0.00 -0.00 47.11 14.67 217.43 16.14 Solved
28.12 169.97 14.67 -0.19 -0.00 0.00 0.00 65.83 14.67 252.49 11.36 Solved
26.72 177.16 14.67 -0.19 -0.01 0.22 0.10 30.00 14.66 308.10 11.96 Solved
