32.00 2.00 14.67 0.00 0.00 -0.00 -0.00 0.00 14.67 519.84 4.12 Solved
32.00 9.33 14.67 -0.00 0.00 -0.00 -0.00 0.00 14.67 486.94 6.47 Solved
32.00 16.67 14.67 -0.00 -0.00 -0.00 -0.00 0.00 14.67 455.11 6.07 Solved
32.00 24.00 14.67 -0.00 -0.00 -0.00 -0.00 0.00 14.67 424.36 6.28 Solved
32.00 31.33 14.67 -0.00 0.00 -0.00 -0.00 0.00 14.67 394.68 5.86 Solved
32.00 38.67 14.67 -0.00 0.00 0.00 0.00 0.00 14.67 366.08 8.64 Solved
32.00 46.00 14.67 0.00 0.00 -0.00 -0.00 0.00 14.67 338.56 9.24 Solved
32.00 53.33 14.67 -0.00 -0.00 -0.00 -0.00 0.00 14.67 312.11 14.02 Solved
32.00 60.67 14.67 -0.00 0.00 -0.00 -0.00 0.00 14.67 286.74 17.45 Solved
32.00 68.00 14.67 -0.00 -0.00 -0.04 -0.02 5.51 14.67 262.46 15.05 Solved
32.00 75.33 14.67 -0.02 -0.00 -0.04 -0.02 5.90 14.67 240.72 17.09 Solved
31.84 82.66 14.67 -0.04 -0.00 -0.03 -0.01 6.35 14.67 222.38 18.86 Solved
31.56 89.99 14.67 -0.05 0.00 -0.02 -0.01 6.87 14.67 206.51 26.49 Solved
31.17 97.32 14.67 -0.06 -0.02 -0.18 -0.08 32.85 14.66 192.61 29.42 Solved
30.70 104.63 14.66 -0.15 0.01 0.11 0.05 -0.24 14.67 244.90 31.03 Solved
29.58 111.88 14.66 -0.10 0.01 0.12 0.05 -5.09 14.67 185.75 30.54 Solved
28.86 119.17 14.66 -0.04 0.00 0.10 0.04 -5.71 14.67 138.26 29.78 Solved
28.57 126.50 14.67 0.01 0.00 0.08 0.03 -6.51 14.67 109.30 29.06 Solved
28.63 133.83 14.67 0.05 0.00 0.06 0.03 -7.57 14.67 93.06 23.93 Solved
28.97 141.16 14.67 0.08 0.00 0.04 0.02 -9.04 14.67 84.65 23.02 Solved
29.53 148.47 14.67 0.09 -0.00 0.02 0.01 -11.19 14.67 80.06 21.26 Solved
30.22 155.77 14.67 0.10 -0.00 0.00 0.00 -14.68 14.67 76.18 20.20 Solved
30.98 163.07 14.67 0.10 -0.00 0.00 0.00 -21.16 14.67 70.72 19.72 Solved
31.74 170.36 14.67 0.10 -0.00 -0.02 -0.01 -30.00 14.67 68.23 12.24 Solved
32.50 177.65 14.67 0.10 -0.00 -0.08 -0.04 -30.00 14.67 64.22 12.00 Solved
