32.00 2.00 14.67 0.00 -0.00 0.00 0.00 0.00 14.67 519.84 0.24 Solved
32.00 9.33 14.67 0.00 -0.00 0.00 0.00 0.00 14.67 486.94 0.23 Solved
32.00 16.67 14.67 0.00 0.00 -0.00 -0.00 -0.00 14.67 455.11 1.77 Solved
32.00 24.00 14.67 -0.00 -0.00 -0.00 -0.00 0.00 14.67 424.36 5.90 Solved
32.00 31.33 14.67 -0.00 -0.00 0.12 0.05 -14.47 14.67 394.80 8.44 Solved
32.00 38.67 14.67 0.06 -0.00 0.10 0.05 -15.22 14.67 377.49 8.36 Solved
32.43 45.99 14.66 0.11 -0.00 0.08 0.04 -16.04 14.67 378.75 7.66 Solved
33.22 53.28 14.66 0.15 0.00 0.06 0.03 -16.95 14.67 391.15 11.00 Solved
34.30 60.53 14.66 0.18 -0.01 0.05 0.02 -11.99 14.67 407.87 11.12 Solved
35.60 67.74 14.66 0.20 -0.00 -0.01 -0.00 -12.77 14.67 432.33 11.87 Solved
37.09 74.92 14.66 0.20 0.01 -0.07 -0.03 -13.65 14.67 421.12 19.28 Solved
38.56 82.11 14.66 0.17 0.00 -0.09 -0.04 -6.33 14.67 368.47 19.83 Solved
39.79 89.33 14.66 0.12 0.00 -0.08 -0.04 -6.84 14.67 302.87 17.87 Solved
40.69 96.61 14.67 0.08 0.00 -0.06 -0.03 -7.45 14.67 252.06 19.33 Solved
41.31 103.92 14.67 0.05 0.00 -0.05 -0.02 -8.17 14.67 212.91 21.97 Solved
41.70 111.24 14.67 0.03 0.00 -0.03 -0.01 -9.05 14.67 182.88 35.28 Solved
41.92 118.57 14.67 0.01 0.00 -0.02 -0.01 -10.13 14.67 160.20 42.32 Solved
42.03 125.90 14.67 0.01 0.00 -0.00 -0.00 -11.51 14.67 144.03 33.84 Solved
42.08 133.23 14.67 0.01 0.00 -0.00 -0.00 -13.30 14.67 134.73 34.20 Solved
42.13 140.57 14.67 0.01 0.00 0.00 0.00 -15.75 14.67 127.86 34.65 Solved
42.18 147.90 14.67 0.01 0.00 0.00 0.00 -19.26 14.67 123.95 24.87 Solved
42.23 155.23 14.67 0.01 0.00 -0.00 -0.00 -24.66 14.67 123.73 18.73 Solved
42.27 162.57 14.67 0.01 -0.00 -0.01 -0.01 -30.00 14.67 128.39 17.49 Solved
42.32 169.90 14.67 0.00 -0.00 -0.06 -0.03 -30.00 14.67 132.51 16.95 Solved
42.33 177.23 14.67 -0.03 -0.00 -0.12 -0.05 -30.00 14.67 117.69 11.30 Solved
