14.00 2.00 14.67 0.00 -0.00 0.00 0.00 0.00 14.67 519.84 0.16 Solved
14.00 9.33 14.67 0.00 -0.00 0.00 0.00 0.00 14.67 486.94 0.10 Solved
14.00 16.67 14.67 0.00 -0.00 0.00 0.00 0.00 14.67 455.11 0.09 Solved
14.00 24.00 14.67 0.00 0.00 0.00 0.00 0.00 14.67 424.36 0.10 Solved
14.00 31.33 14.67 0.00 -0.00 0.00 0.00 0.00 14.67 394.68 0.09 Solved
14.00 38.67 14.67 0.00 0.00 0.00 0.00 0.00 14.67 366.08 0.09 Solved
14.00 46.00 14.67 0.00 0.00 0.00 0.00 0.00 14.67 338.56 0.10 Solved
14.00 53.33 14.67 0.00 0.00 0.00 0.00 0.00 14.67 312.11 0.09 Solved
14.00 60.67 14.67 0.00 0.00 -0.00 -0.00 0.29 14.67 286.74 2.35 Max-Iter
14.00 68.00 14.67 -0.00 -1.18 0.00 0.00 -30.00 13.45 277.61 2.34 Max-Iter
14.00 75.33 14.08 0.00 -2.00 0.01 0.01 -30.00 11.73 375.01 1.95 Solved
14.02 82.37 13.08 0.01 -2.00 0.37 0.15 -30.00 11.73 1123.28 1.41 Solved
14.08 88.91 12.08 0.19 2.00 0.25 0.09 -29.99 15.83 1029.78 2.44 Max-Iter
15.24 94.84 13.08 0.32 2.00 0.08 0.03 -30.00 14.79 1005.58 2.43 Max-Iter
17.30 101.04 14.08 0.36 2.00 0.02 0.01 -29.99 14.74 1031.70 2.46 Max-Iter
19.80 107.62 15.08 0.37 0.55 -0.06 -0.03 -30.00 14.59 1054.31 2.40 Max-Iter
22.55 114.64 15.35 0.34 -1.06 -0.13 -0.06 -30.15 14.33 1002.00 2.33 Max-Iter
25.13 121.87 14.82 0.28 -0.37 -0.19 -0.09 -30.00 14.37 837.19 2.37 Max-Iter
27.18 128.99 14.64 0.19 -0.33 -0.15 -0.07 -30.00 14.49 597.45 2.39 Max-Iter
28.52 136.18 14.47 0.11 -0.20 -0.13 -0.06 -30.00 14.50 440.09 2.32 Max-Iter
29.31 143.37 14.37 0.04 -0.05 -0.12 -0.05 -30.00 14.51 321.74 2.38 Max-Iter
29.62 150.55 14.35 -0.02 0.01 -0.10 -0.05 -30.00 14.53 234.96 2.31 Max-Iter
29.51 157.73 14.35 -0.07 0.04 -0.09 -0.04 -30.00 14.62 170.48 2.55 Max-Iter
29.03 164.89 14.37 -0.11 0.04 -0.08 -0.03 -30.00 14.55 122.23 2.39 Max-Iter
28.24 172.03 14.39 -0.15 0.07 -0.07 -0.03 -30.00 14.58 86.41 2.33 Max-Iter
