14.00 2.00 14.67 0.00 0.00 0.00 0.00 0.00 14.67 519.84 1.01 Solved
14.00 9.33 14.67 0.00 0.00 0.00 0.00 0.00 14.67 486.94 0.48 Solved
14.00 16.67 14.67 0.00 0.00 0.00 0.00 0.00 14.67 455.11 0.29 Solved
14.00 24.00 14.67 0.00 0.00 0.00 0.00 0.00 14.67 424.36 0.18 Solved
14.00 31.33 14.67 0.00 0.00 0.00 0.00 0.00 14.67 394.68 0.18 Solved
14.00 38.67 14.67 0.00 -0.00 0.00 0.00 0.00 14.67 366.08 0.19 Solved
14.00 46.00 14.67 0.00 -0.00 0.00 0.00 -0.00 14.67 338.56 1.18 Max-Iter
14.00 53.33 14.67 0.00 -0.00 -0.03 -0.02 2.81 14.67 312.12 1.07 Solved
14.00 60.67 14.67 -0.02 -0.00 -0.03 -0.01 2.96 14.67 287.68 2.29 Max-Iter
13.88 68.00 14.67 -0.03 -0.00 -0.02 -0.01 3.13 14.67 265.48 2.34 Solved
13.66 75.33 14.67 -0.04 0.00 -0.01 -0.00 3.33 14.67 244.57 5.94 Max-Iter
13.38 82.66 14.67 -0.04 -0.02 -0.31 -0.14 31.39 14.66 224.87 6.90 Solved
13.07 89.98 14.66 -0.20 -0.02 -0.55 -0.25 72.19 14.66 338.67 10.66 Max-Iter
11.61 97.16 14.64 -0.47 -0.72 -0.46 -0.21 90.39 14.06 979.05 10.77 Max-Iter
8.27 103.68 14.29 -0.71 0.54 -0.51 -0.23 105.05 14.64 2014.98 10.48 Max-Iter
3.64 109.11 14.56 -0.96 -0.09 -0.49 -0.22 102.54 11.95 3762.33 10.59 Max-Iter
-2.32 113.29 14.51 -1.21 0.20 -0.47 -0.21 114.01 14.67 6077.41 9.30 Solved
-9.10 115.88 14.61 -1.44 0.08 -0.23 -0.10 117.02 14.67 8962.66 10.03 Solved
-16.35 116.83 14.65 -1.56 0.02 0.00 0.00 119.88 14.67 10981.66 9.55 Solved
-23.67 116.95 14.66 -1.56 0.01 0.02 0.01 120.00 14.67 11709.96 10.32 Max-Iter
-31.00 117.06 14.66 -1.55 -0.01 0.55 0.25 45.00 14.66 12327.35 3.50 Solved
-38.33 117.24 14.66 -1.27 -0.00 0.48 0.22 45.00 14.66 9719.50 3.56 Solved
-45.34 119.39 14.66 -1.03 0.00 0.42 0.19 45.00 14.66 7766.75 2.07 Solved
-51.62 123.17 14.66 -0.82 0.00 0.36 0.16 45.00 14.67 6348.45 2.07 Solved
-56.99 128.16 14.66 -0.64 0.00 0.31 0.14 45.00 14.67 5304.89 1.99 Solved
-61.39 134.02 14.66 -0.49 0.00 0.27 0.12 45.00 14.67 4527.17 1.17 Solved
-64.84 140.49 14.66 -0.35 0.00 0.24 0.11 45.00 14.67 3940.10 1.14 Solved
-67.37 147.37 14.66 -0.23 0.00 0.22 0.10 45.00 14.67 3491.17 1.10 Solved
-69.07 154.51 14.66 -0.13 0.00 0.20 0.09 45.00 14.67 3143.29 0.27 Solved
-69.99 161.78 14.66 -0.03 0.00 0.18 0.08 45.00 14.67 2869.93 0.29 Solved
-70.18 169.11 14.66 0.06 0.00 0.17 0.08 45.00 14.67 2651.89 0.26 Solved
-69.71 176.43 14.66 0.15 0.00 0.17 0.08 45.00 14.67 2475.02 0.25 Solved
-68.61 183.68 14.66 0.23 -0.00 0.16 0.07 45.00 14.67 2328.73 0.24 Solved
-66.91 190.81 14.66 0.32 -0.00 0.16 0.07 45.00 14.67 2204.90 0.27 Solved
-64.64 197.78 14.66 0.40 -0.00 0.16 0.07 45.00 14.67 2097.11 0.25 Solved
-61.81 204.54 14.66 0.48 -0.00 0.17 0.08 45.00 14.67 2000.11 0.31 Solved
-58.43 211.05 14.66 0.56 -0.00 0.18 0.08 45.00 14.67 1909.29 0.29 Solved
-54.51 217.25 14.66 0.65 -0.00 0.19 0.09 45.00 14.67 1820.35 0.25 Solved
-50.06 223.07 14.66 0.75 -0.00 0.20 0.09 45.00 14.66 1728.80 0.24 Solved
-45.08 228.46 14.66 0.85 -0.00 0.22 0.10 45.00 14.66 1629.44 0.25 Solved
-39.59 233.31 14.66 0.96 -0.00 0.25 0.11 45.00 14.66 1515.53 0.28 Solved
-33.58 237.51 14.66 1.09 -0.01 0.29 0.13 45.00 14.66 1377.25 0.28 Solved
