32.00 2.00 14.67 0.00 -0.00 -0.11 -0.05 12.98 14.67 519.94 1.88 Solved
32.00 9.33 14.67 -0.05 -0.00 -0.09 -0.04 13.54 14.67 496.82 1.95 Solved
31.60 16.66 14.67 -0.10 0.00 -0.07 -0.03 14.14 14.67 489.56 1.64 Solved
30.86 23.95 14.67 -0.14 0.00 -0.06 -0.03 14.80 14.67 491.38 1.53 Solved
29.86 31.22 14.67 -0.16 0.00 -0.04 -0.02 15.52 14.67 496.27 3.66 Solved
28.66 38.45 14.67 -0.18 0.00 -0.02 -0.01 16.31 14.67 499.05 3.20 Solved
27.32 45.66 14.67 -0.19 0.00 0.00 0.00 17.19 14.67 495.57 12.84 Solved
25.92 52.86 14.67 -0.19 -0.00 -0.09 -0.04 29.04 14.67 482.80 12.08 Solved
24.52 60.06 14.67 -0.24 -0.00 -0.07 -0.03 30.69 14.67 546.90 12.28 Solved
22.81 67.19 14.67 -0.27 -0.00 -0.06 -0.03 32.53 14.67 621.82 16.09 Solved
20.83 74.25 14.67 -0.30 0.00 -0.04 -0.02 34.56 14.67 703.02 16.18 Solved
18.65 81.25 14.67 -0.32 0.00 -0.03 -0.01 36.83 14.67 786.27 16.77 Solved
16.31 88.20 14.67 -0.34 0.00 -0.01 -0.01 39.37 14.67 867.66 17.73 Solved
13.86 95.11 14.67 -0.35 0.00 -0.00 -0.00 42.22 14.67 943.69 17.24 Solved
11.37 102.01 14.67 -0.35 0.00 0.00 0.00 45.42 14.67 1011.32 20.29 Solved
8.88 108.90 14.67 -0.35 0.00 0.00 0.00 49.01 14.67 1094.05 35.65 Solved
6.38 115.80 14.67 -0.35 -0.01 0.06 0.03 30.00 14.66 1195.15 42.56 Solved
3.89 122.69 14.66 -0.32 0.00 0.00 0.00 55.33 14.67 1209.65 40.99 Solved
1.59 129.66 14.67 -0.32 0.00 0.00 0.00 60.32 14.67 1345.05 40.96 Solved
-0.71 136.62 14.67 -0.32 0.00 0.00 0.00 65.84 14.67 1510.85 31.10 Solved
-3.01 143.58 14.67 -0.32 0.00 -0.00 -0.00 71.89 14.67 1714.17 22.73 Solved
-5.31 150.54 14.67 -0.32 0.00 -0.00 -0.00 78.39 14.67 1963.98 22.41 Solved
-7.61 157.51 14.67 -0.32 0.00 0.00 0.00 85.20 14.67 2271.42 23.98 Solved
-9.91 164.47 14.67 -0.32 -0.00 0.01 0.00 90.00 14.67 2650.05 15.49 Solved
-12.21 171.43 14.67 -0.31 -0.01 0.36 0.16 30.00 14.66 3084.11 11.75 Solved
-14.48 178.41 14.66 -0.13 -0.00 0.35 0.16 30.00 14.66 2521.85 7.97 Solved
-15.46 185.67 14.66 0.04 -0.00 0.35 0.16 30.00 14.66 2037.73 8.17 Solved
-15.17 193.00 14.66 0.21 -0.00 0.36 0.16 30.00 14.66 1608.81 5.46 Solved
-13.61 200.16 14.66 0.39 -0.00 0.38 0.17 30.00 14.66 1212.94 5.55 Solved
-10.82 206.93 14.65 0.58 -0.02 0.40 0.18 -117.60 14.68 827.76 39.22 Max-Iter
