32.00 2.00 14.67 0.00 -0.01 -0.06 -0.03 7.45 14.66 519.87 1.68 Solved
32.00 9.33 14.66 -0.03 0.00 -0.13 -0.06 17.99 14.67 490.17 1.66 Solved
31.78 16.66 14.67 -0.10 0.00 -0.11 -0.05 18.78 14.67 486.66 1.58 Solved
31.07 23.96 14.67 -0.15 0.00 -0.09 -0.04 19.65 14.67 504.93 1.45 Solved
29.96 31.21 14.67 -0.20 0.00 -0.07 -0.03 20.59 14.67 534.90 6.24 Solved
28.53 38.40 14.67 -0.23 -0.01 -0.10 -0.04 30.96 14.67 567.76 5.64 Solved
26.86 45.54 14.66 -0.28 0.00 -0.11 -0.05 37.66 14.67 645.17 5.62 Solved
24.86 52.60 14.67 -0.33 0.00 -0.10 -0.04 39.58 14.67 775.16 6.05 Solved
22.46 59.52 14.67 -0.38 0.00 -0.08 -0.03 41.66 14.67 920.18 8.02 Solved
19.72 66.33 14.67 -0.42 0.00 -0.06 -0.03 43.94 14.67 1072.17 17.42 Solved
16.74 73.03 14.67 -0.45 0.00 -0.04 -0.02 46.41 14.67 1223.78 16.54 Solved
13.56 79.64 14.67 -0.47 -0.00 -0.02 -0.01 49.11 14.67 1368.34 15.81 Solved
10.26 86.19 14.67 -0.48 -0.00 -0.00 -0.00 52.05 14.67 1499.85 15.07 Solved
6.89 92.70 14.67 -0.48 -0.00 0.00 0.00 55.25 14.67 1612.94 15.80 Solved
3.53 99.22 14.67 -0.48 -0.00 0.14 0.06 30.00 14.67 1745.79 15.46 Solved
0.17 105.74 14.67 -0.41 -0.00 0.13 0.06 30.00 14.67 1580.51 14.71 Solved
-2.73 112.47 14.67 -0.34 -0.00 0.13 0.06 30.00 14.67 1438.76 19.44 Solved
-5.17 119.39 14.67 -0.28 -0.00 0.12 0.06 30.00 14.67 1315.55 14.97 Solved
-7.16 126.45 14.67 -0.21 -0.00 0.12 0.06 30.00 14.67 1206.76 20.92 Solved
-8.71 133.61 14.67 -0.15 -0.00 0.12 0.06 30.00 14.67 1108.95 17.00 Solved
-9.82 140.86 14.67 -0.09 -0.00 0.12 0.06 30.00 14.67 1019.10 13.70 Solved
-10.49 148.16 14.67 -0.03 -0.00 0.13 0.06 30.00 14.67 934.50 18.48 Solved
-10.71 155.49 14.66 0.03 -0.00 0.13 0.06 30.00 14.67 852.48 11.18 Solved
-10.46 162.82 14.66 0.10 -0.00 0.14 0.06 30.00 14.67 770.31 7.96 Solved
-9.73 170.12 14.66 0.17 -0.00 0.15 0.07 30.00 14.67 684.89 7.95 Solved
-8.49 177.34 14.66 0.25 0.00 -0.00 -0.00 69.96 14.67 592.18 5.91 Solved
-6.70 184.45 14.67 0.25 -0.01 0.25 0.11 30.00 14.66 723.11 3.00 Solved
-4.91 191.56 14.66 0.37 -0.01 0.29 0.13 30.00 14.66 536.81 2.95 Solved
