14.00 2.00 14.67 0.00 0.00 0.00 0.00 0.00 14.67 519.84 0.34 Solved
14.00 9.33 14.67 0.00 0.00 0.00 0.00 0.00 14.67 486.94 0.33 Solved
14.00 16.67 14.67 0.00 0.00 0.00 0.00 0.00 14.67 455.11 0.33 Solved
14.00 24.00 14.67 0.00 0.00 0.00 0.00 0.00 14.67 424.36 0.43 Solved
14.00 31.33 14.67 0.00 0.00 0.00 0.00 0.00 14.67 394.68 0.26 Solved
14.00 38.67 14.67 0.00 -0.00 0.00 0.00 0.00 14.67 366.08 0.27 Solved
14.00 46.00 14.67 0.00 0.00 -0.00 -0.00 0.00 14.67 338.56 1.75 Solved
14.00 53.33 14.67 -0.00 -0.00 -0.03 -0.02 2.81 14.67 312.12 1.54 Solved
14.00 60.67 14.67 -0.02 -0.00 -0.03 -0.01 2.96 14.67 287.68 2.77 Solved
13.88 68.00 14.67 -0.03 -0.00 -0.02 -0.01 3.13 14.67 265.48 2.31 Solved
13.66 75.33 14.67 -0.04 0.00 -0.01 -0.00 3.33 14.67 244.57 6.17 Solved
13.38 82.66 14.67 -0.04 -0.02 -0.31 -0.14 31.39 14.66 224.87 6.87 Solved
13.07 89.98 14.66 -0.20 -0.02 -0.55 -0.25 72.19 14.66 338.67 10.81 Solved
11.61 97.16 14.64 -0.47 -0.05 -0.55 -0.25 89.25 14.65 974.86 16.82 Solved
8.27 103.68 14.62 -0.75 0.05 -0.55 -0.25 102.78 14.67 2234.69 15.51 Solved
3.29 109.03 14.65 -1.02 0.03 -0.44 -0.20 106.17 14.67 4214.11 10.12 Solved
-2.97 112.84 14.66 -1.25 0.01 -0.29 -0.13 109.45 14.67 6487.43 10.49 Solved
-9.92 115.17 14.67 -1.39 0.00 -0.14 -0.07 112.60 14.67 8524.33 9.99 Solved
-17.14 116.47 14.67 -1.47 -0.01 0.00 0.00 115.61 14.67 9999.08 9.53 Solved
-24.43 117.24 14.67 -1.47 -0.00 -0.00 -0.00 118.48 14.67 10706.47 9.14 Solved
-31.73 118.01 14.67 -1.47 -0.01 0.54 0.25 45.00 14.66 11424.01 3.56 Solved
-39.02 118.78 14.66 -1.20 -0.00 0.46 0.21 45.00 14.66 8991.14 3.51 Solved
-45.84 121.47 14.66 -0.96 0.00 0.40 0.18 45.00 14.66 7238.98 2.16 Solved
-51.87 125.64 14.66 -0.77 0.00 0.34 0.16 45.00 14.67 5960.35 2.12 Solved
-56.95 130.92 14.66 -0.60 0.00 0.30 0.14 45.00 14.67 5015.22 2.10 Solved
-61.07 136.99 14.66 -0.45 0.00 0.26 0.12 45.00 14.67 4307.63 1.16 Solved
-64.24 143.60 14.66 -0.32 0.00 0.23 0.11 45.00 14.67 3771.02 1.06 Solved
-66.52 150.57 14.66 -0.20 0.00 0.21 0.10 45.00 14.67 3358.73 1.07 Solved
-67.97 157.75 14.66 -0.09 0.00 0.19 0.09 45.00 14.67 3037.64 0.27 Solved
-68.66 165.05 14.66 0.00 0.00 0.18 0.08 45.00 14.67 2783.94 0.27 Solved
-68.65 172.38 14.66 0.09 0.00 0.17 0.08 45.00 14.67 2580.28 0.27 Solved
-67.96 179.68 14.66 0.18 -0.00 0.17 0.08 45.00 14.67 2413.83 0.29 Solved
-66.66 186.90 14.66 0.26 -0.00 0.17 0.08 45.00 14.67 2274.87 0.27 Solved
-64.75 193.98 14.66 0.35 -0.00 0.17 0.08 45.00 14.67 2155.87 0.27 Solved
-62.27 200.88 14.66 0.43 -0.00 0.17 0.08 45.00 14.67 2050.77 0.27 Solved
-59.22 207.54 14.66 0.51 -0.00 0.18 0.08 45.00 14.67 1954.46 0.27 Solved
-55.62 213.93 14.66 0.60 -0.00 0.19 0.08 45.00 14.67 1862.35 0.28 Solved
-51.47 219.98 14.66 0.69 -0.00 0.20 0.09 45.00 14.66 1769.87 0.25 Solved
-46.78 225.61 14.66 0.79 -0.00 0.22 0.10 45.00 14.66 1672.02 0.24 Solved
-41.56 230.76 14.66 0.90 -0.00 0.24 0.11 45.00 14.66 1562.59 0.24 Solved
-35.81 235.30 14.66 1.02 -0.00 0.28 0.13 45.00 14.66 1433.00 0.28 Solved
-29.55 239.13 14.66 1.16 -0.01 0.33 0.15 45.00 14.66 1269.92 0.28 Solved
