32.00 2.00 14.67 0.00 -0.00 -0.18 -0.08 20.94 14.67 520.10 5.71 Solved
32.00 9.33 14.66 -0.09 -0.00 -0.15 -0.07 21.81 14.67 512.33 8.74 Solved
31.36 16.64 14.66 -0.16 0.00 -0.12 -0.05 22.76 14.67 544.14 11.86 Solved
30.18 23.87 14.66 -0.22 -0.02 -0.14 -0.06 36.04 14.66 598.42 12.19 Solved
28.57 31.03 14.65 -0.29 0.01 -0.22 -0.10 49.52 14.67 709.60 11.94 Solved
26.47 38.05 14.66 -0.40 0.01 -0.18 -0.08 51.61 14.67 978.13 11.11 Solved
23.60 44.79 14.66 -0.49 0.00 -0.15 -0.07 53.82 14.67 1298.97 13.24 Solved
20.12 51.25 14.67 -0.57 0.00 -0.11 -0.05 56.17 14.67 1641.16 12.65 Solved
16.18 57.43 14.67 -0.62 0.00 -0.07 -0.03 58.66 14.67 1976.20 18.29 Solved
11.90 63.39 14.67 -0.66 0.00 -0.04 -0.02 61.28 14.67 2278.59 17.51 Solved
7.40 69.18 14.67 -0.68 -0.00 -0.00 -0.00 64.04 14.67 2526.39 16.97 Solved
2.80 74.89 14.67 -0.68 -0.00 -0.00 -0.00 66.93 14.67 2701.59 16.10 Solved
-1.80 80.60 14.67 -0.68 -0.00 0.20 0.09 30.00 14.67 2898.91 14.71 Solved
-6.40 86.31 14.67 -0.58 -0.00 0.18 0.08 30.00 14.67 2537.33 15.10 Solved
-10.41 92.45 14.67 -0.49 -0.00 0.17 0.08 30.00 14.67 2240.59 11.88 Solved
-13.85 98.93 14.67 -0.40 0.00 0.15 0.07 30.00 14.67 1994.90 10.93 Solved
-16.73 105.67 14.67 -0.33 0.00 0.14 0.07 30.00 14.67 1789.49 8.15 Solved
-19.09 112.61 14.67 -0.25 0.00 0.14 0.06 30.00 14.67 1615.93 11.11 Solved
-20.93 119.71 14.67 -0.19 0.00 0.13 0.06 30.00 14.67 1467.54 8.54 Solved
-22.29 126.92 14.67 -0.12 0.00 0.13 0.06 30.00 14.67 1338.95 8.59 Solved
-23.17 134.19 14.67 -0.06 -0.00 0.12 0.06 30.00 14.67 1225.78 8.21 Solved
-23.59 141.52 14.67 0.00 -0.00 0.12 0.06 30.00 14.67 1124.37 5.81 Solved
-23.56 148.85 14.67 0.07 -0.00 0.12 0.06 30.00 14.67 1031.58 5.48 Solved
-23.07 156.16 14.67 0.13 -0.00 0.13 0.06 30.00 14.67 944.52 5.21 Solved
-22.12 163.44 14.66 0.19 -0.00 0.13 0.06 30.00 14.67 860.45 5.12 Solved
-20.71 170.63 14.66 0.26 -0.00 0.14 0.06 30.00 14.67 776.54 5.46 Solved
-18.83 177.72 14.66 0.33 -0.00 0.15 0.07 30.00 14.67 689.62 5.84 Solved
-16.45 184.65 14.66 0.41 -0.00 0.17 0.08 30.00 14.67 595.96 5.19 Solved
-13.53 191.38 14.66 0.50 -0.00 0.20 0.09 30.00 14.67 490.87 3.01 Solved
-10.05 197.83 14.66 0.60 -0.00 0.25 0.11 30.00 14.66 368.83 3.09 Solved
