32.00 2.00 14.67 0.00 -0.00 -0.00 -0.00 -0.00 14.67 519.84 2.42 Solved
32.00 9.33 14.67 -0.00 0.00 -0.00 -0.00 0.00 14.67 486.94 2.14 Solved
32.00 16.67 14.67 -0.00 -0.00 -0.09 -0.04 11.33 14.67 455.19 5.76 Solved
32.00 24.00 14.67 -0.05 -0.01 -0.39 -0.18 52.04 14.67 433.06 9.06 Acceptable
31.65 31.33 14.66 -0.24 0.01 0.02 0.01 16.48 14.67 593.45 7.91 Solved
29.88 38.44 14.66 -0.23 0.00 0.02 0.01 17.32 14.67 562.17 9.89 Solved
28.19 45.57 14.67 -0.22 -0.00 0.06 0.03 11.59 14.67 536.04 11.22 Solved
26.56 52.72 14.67 -0.19 0.00 0.05 0.02 11.69 14.67 478.16 14.85 Solved
25.16 59.92 14.67 -0.17 0.00 0.04 0.02 12.41 14.67 431.43 22.09 Solved
23.94 67.15 14.67 -0.15 0.00 0.07 0.03 21.01 14.67 392.36 23.28 Solved
22.87 74.41 14.67 -0.11 0.00 0.02 0.01 22.43 14.67 337.96 33.62 Solved
22.05 81.69 14.67 -0.10 -0.00 -0.02 -0.01 24.04 14.67 311.53 32.48 Solved
21.32 88.99 14.67 -0.11 -0.00 -0.07 -0.03 25.88 14.67 312.53 35.37 Solved
20.52 96.28 14.67 -0.14 -0.01 -0.11 -0.05 28.00 14.67 351.74 32.47 Solved
19.48 103.54 14.66 -0.20 -0.00 -0.06 -0.03 30.46 14.67 453.75 33.95 Solved
18.02 110.73 14.66 -0.23 0.00 0.00 0.00 33.35 14.67 534.54 31.23 Solved
16.36 117.87 14.67 -0.23 0.00 -0.00 -0.00 36.75 14.67 569.65 41.76 Solved
14.71 125.01 14.67 -0.23 0.00 -0.00 -0.00 40.80 14.67 616.19 44.09 Solved
13.05 132.16 14.67 -0.23 0.00 0.00 0.00 45.65 14.67 677.05 46.00 Solved
11.39 139.30 14.67 -0.23 0.00 -0.00 -0.00 51.44 14.67 756.09 29.35 Solved
9.73 146.44 14.67 -0.23 0.00 -0.00 -0.00 58.35 14.67 858.62 24.04 Solved
8.07 153.59 14.67 -0.23 0.00 -0.00 -0.00 66.46 14.67 992.01 17.22 Solved
6.41 160.73 14.67 -0.23 0.00 0.00 0.00 75.69 14.67 1166.56 17.00 Solved
4.75 167.87 14.67 -0.23 0.00 0.00 0.00 85.75 14.67 1396.86 5.89 Solved
3.09 175.02 14.67 -0.23 -0.00 0.03 0.01 90.00 14.67 1703.63 5.37 Solved
1.44 182.16 14.67 -0.21 -0.02 0.42 0.19 30.00 14.66 2040.01 5.23 Solved
-0.11 189.33 14.66 -0.00 -0.01 0.45 0.21 30.00 14.66 1517.57 3.30 Solved
-0.15 196.66 14.65 0.22 -1.17 0.35 0.16 -60.08 13.61 1025.68 18.38 Max-Iter
