32.00 2.00 14.67 0.00 0.00 0.11 0.05 -12.49 14.67 519.93 3.17 Solved
32.00 9.33 14.67 0.05 -0.01 0.32 0.15 -43.28 14.66 497.13 3.98 Solved
32.39 16.66 14.66 0.21 0.01 -0.05 -0.02 -10.75 14.67 607.52 2.96 Solved
33.94 23.82 14.66 0.19 0.00 -0.04 -0.02 -11.25 14.67 552.32 5.39 Solved
35.31 31.02 14.66 0.17 0.00 -0.03 -0.01 -11.80 14.67 505.95 4.80 Solved
36.52 38.26 14.67 0.15 0.00 -0.02 -0.01 -12.41 14.67 467.38 7.95 Solved
37.62 45.51 14.67 0.14 0.00 -0.01 -0.00 -13.08 14.67 436.03 8.88 Solved
38.65 52.77 14.67 0.13 0.00 -0.00 -0.00 -13.83 14.67 411.82 7.56 Solved
39.63 60.03 14.67 0.13 0.00 -0.00 -0.00 -14.67 14.67 395.26 12.07 Solved
40.61 67.30 14.67 0.13 0.00 0.00 0.00 -15.61 14.67 380.92 24.08 Solved
41.60 74.57 14.67 0.13 0.00 -0.00 -0.00 -16.68 14.67 369.05 24.08 Solved
42.58 81.83 14.67 0.13 0.00 0.01 0.01 -19.42 14.67 359.90 27.00 Solved
43.57 89.10 14.67 0.14 0.00 0.01 0.00 -20.94 14.67 362.22 30.06 Solved
44.59 96.36 14.67 0.15 0.00 0.01 0.00 -22.69 14.67 368.15 37.06 Solved
45.66 103.62 14.67 0.15 0.00 0.01 0.00 -24.76 14.67 378.16 33.68 Solved
46.75 110.87 14.67 0.15 -0.00 0.00 0.00 -27.20 14.67 392.85 38.58 Solved
47.86 118.12 14.67 0.15 -0.00 0.00 0.00 -30.13 14.67 413.10 35.20 Solved
48.98 125.36 14.67 0.16 -0.00 0.00 0.00 -33.68 14.67 440.03 32.64 Solved
50.12 132.61 14.67 0.16 -0.00 -0.00 -0.00 -38.04 14.67 475.24 19.93 Solved
51.25 139.86 14.67 0.16 -0.00 -0.06 -0.03 -30.00 14.67 523.30 15.63 Solved
52.38 147.10 14.67 0.12 -0.00 -0.08 -0.03 -30.00 14.67 512.11 15.61 Solved
53.29 154.38 14.67 0.09 -0.00 -0.09 -0.04 -30.00 14.67 490.37 15.07 Solved
53.93 161.68 14.67 0.04 -0.00 -0.11 -0.05 -30.00 14.67 456.39 15.51 Solved
54.23 169.01 14.66 -0.02 -0.00 -0.14 -0.06 -30.00 14.67 407.62 11.02 Solved
54.11 176.34 14.66 -0.09 -0.00 -0.17 -0.08 -30.00 14.67 340.51 7.97 Solved
53.48 183.65 14.66 -0.17 -0.00 -0.23 -0.11 -30.00 14.66 250.91 8.49 Solved
