32.00 2.00 14.67 0.00 -0.00 0.00 0.00 0.00 14.67 519.84 0.25 Solved
32.00 9.33 14.67 0.00 -0.00 0.00 0.00 0.00 14.67 486.94 0.25 Solved
32.00 16.67 14.67 0.00 0.00 0.00 0.00 0.00 14.67 455.11 2.25 Solved
32.00 24.00 14.67 0.00 0.00 -0.00 -0.00 0.00 14.67 424.36 1.89 Solved
32.00 31.33 14.67 -0.00 0.00 -0.00 -0.00 0.00 14.67 394.68 1.76 Solved
32.00 38.67 14.67 -0.00 -0.00 0.00 0.00 0.00 14.67 366.08 6.01 Solved
32.00 46.00 14.67 -0.00 -0.00 -0.00 -0.00 0.00 14.67 338.56 5.62 Solved
32.00 53.33 14.67 -0.00 -0.00 0.00 0.00 -0.00 14.67 312.11 6.08 Solved
32.00 60.67 14.67 0.00 0.00 -0.00 -0.00 -0.00 14.67 286.74 5.68 Solved
32.00 68.00 14.67 0.00 0.00 -0.00 -0.00 -0.00 14.67 262.44 5.94 Solved
32.00 75.33 14.67 0.00 0.00 0.00 0.00 -0.00 14.67 239.22 9.16 Solved
32.00 82.67 14.67 0.00 0.00 0.00 0.00 -0.00 14.67 217.07 13.41 Solved
32.00 90.00 14.67 0.00 0.00 0.00 0.00 -0.00 14.67 196.00 21.04 Solved
32.00 97.33 14.67 0.00 0.00 0.00 0.00 -0.00 14.67 176.00 20.21 Solved
32.00 104.67 14.67 0.00 -0.00 0.00 0.00 -0.00 14.67 157.08 25.83 Solved
32.00 112.00 14.67 0.00 0.00 0.00 0.00 -0.00 14.67 139.24 47.50 Solved
32.00 119.33 14.67 0.00 -0.00 0.02 0.01 -2.61 14.67 122.47 39.24 Solved
32.00 126.67 14.67 0.01 0.00 0.03 0.02 -6.33 14.67 107.02 40.31 Solved
32.06 134.00 14.67 0.03 0.00 0.03 0.01 -7.36 14.67 94.35 32.82 Solved
32.25 141.33 14.67 0.04 0.00 0.02 0.01 -8.79 14.67 84.35 30.99 Solved
32.53 148.66 14.67 0.05 0.00 0.02 0.01 -10.91 14.67 76.68 32.49 Solved
32.90 155.98 14.67 0.06 -0.00 0.01 0.01 -14.34 14.67 71.10 32.49 Solved
33.33 163.30 14.67 0.06 -0.00 0.01 0.00 -20.79 14.67 67.52 22.54 Solved
33.79 170.62 14.67 0.07 -0.00 0.00 0.00 -36.39 14.67 66.06 20.08 Solved
34.28 177.94 14.67 0.07 -0.00 0.00 0.00 -85.43 14.67 67.18 23.74 Solved
34.77 185.26 14.67 0.07 -4.06 0.51 0.23 59.49 14.12 153.98 242.07 Max-Iter
