32.00 2.00 14.67 0.00 -0.00 0.00 0.00 0.00 14.67 519.84 0.21 Solved
32.00 9.33 14.67 0.00 0.00 -0.00 -0.00 0.00 14.67 486.94 1.81 Solved
32.00 16.67 14.67 -0.00 -0.00 -0.01 -0.00 0.74 14.67 455.11 1.74 Solved
32.00 24.00 14.67 -0.00 -0.00 -0.01 -0.00 0.78 14.67 424.39 1.55 Solved
31.98 31.33 14.67 -0.01 -0.00 -0.00 -0.00 0.82 14.67 394.80 1.64 Solved
31.94 38.67 14.67 -0.01 -0.00 -0.00 -0.00 0.86 14.67 366.30 3.00 Solved
31.88 46.00 14.67 -0.01 -0.01 -0.34 -0.16 44.43 14.66 339.93 5.59 Solved
31.81 53.33 14.66 -0.18 0.62 0.13 0.06 23.01 14.88 424.27 5.81 Solved
30.49 60.54 14.97 -0.11 0.25 0.04 0.02 24.44 14.75 340.30 9.42 Acceptable
29.63 67.98 15.10 -0.09 0.09 0.00 0.00 26.00 14.70 303.43 7.51 Solved
28.93 75.50 15.14 -0.09 0.02 -0.04 -0.02 27.76 14.68 282.27 12.56 Solved
28.23 83.03 15.15 -0.11 -0.04 -0.12 -0.05 29.74 14.67 278.41 11.41 Solved
27.40 90.56 15.13 -0.17 -0.12 -0.33 -0.16 31.93 14.67 328.99 19.16 Solved
26.13 98.02 15.07 -0.34 -0.50 0.13 0.06 17.58 14.67 648.57 32.16 Solved
23.65 105.14 14.82 -0.27 -1.85 0.52 0.24 50.30 14.15 556.71 58.58 Solved
21.66 112.28 13.90 -0.01 0.95 0.20 0.09 -16.16 14.67 173.34 38.02 Solved
21.59 119.22 14.37 0.09 0.36 0.15 0.07 -22.65 14.67 124.32 40.09 Solved
22.23 126.38 14.55 0.17 0.14 0.13 0.06 -25.60 14.67 125.35 33.14 Solved
23.43 133.56 14.62 0.23 0.05 0.10 0.05 -29.35 14.67 158.58 39.30 Solved
25.09 140.68 14.65 0.28 0.02 0.08 0.03 -34.24 14.67 215.04 34.33 Solved
27.12 147.72 14.66 0.32 0.01 0.05 0.02 -40.77 14.67 287.35 28.71 Solved
29.41 154.68 14.66 0.34 0.00 0.03 0.01 -49.61 14.67 369.70 32.03 Solved
31.87 161.59 14.67 0.36 0.00 0.00 0.00 -61.57 14.67 458.13 30.20 Solved
34.43 168.46 14.67 0.36 0.00 -0.00 -0.00 -76.93 14.67 550.80 25.12 Solved
36.98 175.33 14.67 0.36 -0.01 -0.30 -0.14 -30.00 14.66 686.18 23.50 Acceptable
39.54 182.21 14.66 0.21 -0.22 -0.10 -0.04 93.51 14.70 458.93 188.89 Max-Iter
