32.00 2.00 14.67 0.00 -0.00 0.00 0.00 -0.00 14.67 519.84 1.93 Solved
32.00 9.33 14.67 0.00 0.00 0.00 0.00 -0.00 14.67 486.94 1.94 Solved
32.00 16.67 14.67 0.00 0.00 -0.00 -0.00 -0.00 14.67 455.11 3.47 Solved
32.00 24.00 14.67 0.00 0.00 -0.00 -0.00 0.00 14.67 424.36 6.26 Solved
32.00 31.33 14.67 -0.00 0.00 -0.00 -0.00 0.00 14.67 394.68 13.34 Solved
32.00 38.67 14.67 -0.00 -0.00 -0.00 -0.00 0.00 14.67 366.08 17.95 Solved
32.00 46.00 14.67 -0.00 0.00 -0.04 -0.02 5.42 14.67 338.58 16.98 Solved
32.00 53.33 14.67 -0.02 0.00 -0.04 -0.02 5.74 14.67 313.68 19.01 Solved
31.84 60.66 14.67 -0.04 0.00 -0.03 -0.01 6.09 14.67 292.25 18.74 Solved
31.55 67.99 14.67 -0.05 0.00 -0.02 -0.01 6.49 14.67 273.26 17.90 Solved
31.15 75.31 14.67 -0.07 0.00 -0.01 -0.01 6.95 14.67 255.81 18.77 Solved
30.67 82.63 14.67 -0.07 -0.00 -0.01 -0.00 7.48 14.67 239.13 32.94 Solved
30.13 89.95 14.67 -0.08 -0.00 0.00 0.00 8.10 14.67 222.57 30.56 Solved
29.58 97.26 14.67 -0.08 -0.00 -0.00 -0.00 8.82 14.67 205.64 35.93 Solved
29.02 104.57 14.67 -0.08 -0.00 0.00 0.00 9.68 14.67 190.33 41.76 Solved
28.46 111.88 14.67 -0.08 -0.00 -0.00 -0.00 10.73 14.67 176.76 41.65 Solved
27.90 119.19 14.67 -0.08 -0.00 -0.00 -0.00 12.03 14.67 165.12 34.87 Solved
27.34 126.51 14.67 -0.08 -0.00 0.00 0.00 13.69 14.67 155.67 35.51 Solved
26.78 133.82 14.67 -0.08 -0.00 0.00 0.00 15.85 14.67 148.75 32.98 Solved
26.22 141.13 14.67 -0.08 -0.00 0.00 0.00 18.80 14.67 144.85 33.70 Solved
25.66 148.44 14.67 -0.08 -0.00 -0.00 -0.00 23.03 14.67 144.69 21.92 Solved
25.10 155.75 14.67 -0.08 -0.00 -0.00 -0.00 29.50 14.67 149.36 22.64 Solved
24.54 163.07 14.67 -0.08 -0.00 0.04 0.02 30.00 14.67 160.55 7.03 Solved
23.98 170.38 14.67 -0.06 -0.00 0.08 0.04 30.00 14.67 157.71 7.60 Solved
23.55 177.70 14.67 -0.02 -0.00 0.14 0.06 30.00 14.67 133.55 5.43 Solved
