32.00 2.00 14.67 0.00 -0.00 0.00 0.00 0.00 14.67 519.84 0.25 Solved
32.00 9.33 14.67 0.00 -0.00 0.00 0.00 0.00 14.67 486.94 0.26 Solved
32.00 16.67 14.67 0.00 0.00 -0.00 -0.00 0.00 14.67 455.11 2.31 Solved
32.00 24.00 14.67 -0.00 -0.00 -0.00 -0.00 0.00 14.67 424.36 3.69 Solved
32.00 31.33 14.67 -0.00 -0.01 -0.05 -0.02 6.02 14.66 394.70 6.09 Solved
32.00 38.67 14.66 -0.02 0.00 -0.13 -0.06 18.14 14.67 368.13 7.12 Solved
31.82 46.00 14.67 -0.09 0.00 -0.11 -0.05 19.12 14.67 366.03 6.16 Solved
31.16 53.30 14.67 -0.15 0.00 -0.09 -0.04 20.20 14.67 386.50 8.22 Solved
30.10 60.55 14.67 -0.19 0.00 -0.07 -0.03 21.40 14.67 419.86 12.97 Solved
28.71 67.76 14.67 -0.22 0.00 -0.04 -0.02 22.75 14.67 457.53 11.58 Solved
27.09 74.91 14.67 -0.25 0.00 -0.02 -0.01 24.27 14.67 492.08 17.13 Solved
25.31 82.02 14.67 -0.26 -0.00 -0.01 -0.00 27.09 14.67 517.32 29.94 Solved
23.46 89.12 14.67 -0.26 -0.00 -0.19 -0.09 52.58 14.67 537.55 28.46 Solved
21.57 96.20 14.67 -0.36 -0.00 -0.16 -0.07 56.05 14.67 797.92 25.23 Solved
19.01 103.08 14.67 -0.44 0.00 -0.13 -0.06 59.82 14.67 1113.67 34.87 Solved
15.92 109.72 14.67 -0.50 0.00 -0.10 -0.04 63.91 14.67 1465.41 38.72 Solved
12.40 116.15 14.67 -0.55 0.00 -0.06 -0.03 68.31 14.67 1834.19 40.94 Solved
8.57 122.41 14.67 -0.58 0.00 -0.03 -0.01 73.00 14.67 2201.75 41.84 Solved
4.54 128.54 14.67 -0.60 0.00 -0.00 -0.00 77.92 14.67 2550.76 31.07 Solved
0.41 134.60 14.67 -0.60 0.00 -0.00 -0.00 83.04 14.67 2865.13 32.01 Solved
-3.72 140.66 14.67 -0.60 -0.01 0.30 0.13 30.00 14.67 3235.18 28.00 Solved
-7.84 146.72 14.66 -0.45 -0.00 0.28 0.13 30.00 14.67 2723.48 17.17 Solved
-11.03 153.32 14.66 -0.31 -0.00 0.26 0.12 30.00 14.67 2299.86 11.44 Solved
-13.28 160.30 14.66 -0.18 -0.00 0.25 0.12 30.00 14.67 1944.28 11.15 Solved
-14.59 167.51 14.66 -0.05 -0.00 0.25 0.11 30.00 14.67 1640.26 11.44 Solved
-14.97 174.83 14.66 0.07 -0.00 0.25 0.11 30.00 14.67 1373.89 7.83 Solved
-14.45 182.15 14.66 0.19 -0.00 0.25 0.12 30.00 14.66 1132.88 7.76 Solved
-13.03 189.34 14.66 0.32 -0.00 0.27 0.12 30.00 14.66 905.59 8.21 Solved
-10.71 196.29 14.66 0.46 -0.00 0.30 0.14 30.00 14.66 680.31 7.99 Solved
-7.47 202.87 14.66 0.61 -0.29 -0.32 -0.14 70.08 14.42 448.14 98.99 Max-Iter
-3.27 208.87 14.51 0.45 -3.61 0.30 0.13 -32.87 13.86 1196.86 38.08 Max-Iter
