14.00 2.00 14.67 0.00 0.00 -0.00 -0.00 0.00 14.67 519.85 0.19 Solved
14.03 7.87 14.67 0.00 -0.00 0.00 0.00 -0.00 14.67 493.44 0.14 Solved
14.05 13.73 14.67 0.00 0.00 -0.00 -0.00 0.00 14.67 467.72 0.14 Solved
14.08 19.60 14.67 0.00 0.00 0.00 0.00 -0.00 14.67 442.69 0.14 Solved
14.10 25.47 14.67 0.00 0.00 -0.00 -0.00 0.00 14.67 418.35 0.14 Solved
14.13 31.33 14.67 0.00 0.00 0.00 0.00 -0.00 14.67 394.69 0.14 Solved
14.15 37.20 14.67 0.00 -1.94 0.09 0.00 -24.04 12.55 418.21 1.66 Max-Iter
14.18 43.07 13.89 0.04 1.10 0.33 0.00 -29.95 14.44 441.16 1.57 Max-Iter
14.41 48.62 14.33 0.17 0.36 -0.01 -0.00 -29.85 14.78 511.32 1.56 Max-Iter
15.40 54.26 14.47 0.17 0.29 0.22 0.00 -29.41 14.63 458.23 1.57 Max-Iter
16.39 59.97 14.59 0.26 0.30 0.12 0.00 -30.00 14.61 559.32 1.53 Max-Iter
17.88 65.61 14.71 0.31 0.17 0.04 0.00 -29.77 14.67 647.52 1.57 Max-Iter
19.67 71.22 14.78 0.33 0.04 -0.03 -0.00 -30.00 14.96 690.73 1.63 Max-Iter
21.56 76.82 14.79 0.32 -0.29 -0.06 -0.00 -29.99 14.85 678.80 1.56 Max-Iter
23.39 82.44 14.68 0.29 0.01 -0.11 -0.00 -30.00 14.68 639.15 1.57 Max-Iter
25.08 88.06 14.68 0.25 -0.07 -0.13 -0.00 -29.97 14.63 554.82 1.55 Max-Iter
26.53 93.76 14.65 0.20 -0.01 -0.12 -0.00 -30.00 14.67 461.33 1.60 Max-Iter
27.68 99.50 14.65 0.15 0.12 -0.17 -0.00 -30.01 14.95 388.42 1.59 Max-Iter
28.56 105.30 14.70 0.08 -0.01 -0.08 -0.00 -30.00 14.65 282.17 1.55 Max-Iter
29.04 111.16 14.69 0.05 -0.04 -0.07 -0.00 -30.00 14.67 238.98 1.58 Max-Iter
29.33 117.03 14.68 0.02 -0.02 -0.07 -0.00 -30.00 14.67 203.31 1.53 Max-Iter
29.44 122.90 14.67 -0.01 0.00 -0.06 -0.00 -30.00 14.67 173.20 1.57 Max-Iter
29.40 128.77 14.67 -0.03 -0.04 -0.06 -0.00 -30.02 14.67 147.51 1.60 Max-Iter
29.22 134.63 14.66 -0.06 -0.00 -0.05 -0.00 -30.00 14.65 123.01 1.56 Max-Iter
28.90 140.49 14.66 -0.07 0.00 -0.04 -0.00 -30.00 14.68 104.74 1.57 Max-Iter
28.47 146.34 14.66 -0.09 0.01 -0.04 -0.00 -30.00 14.68 88.49 1.59 Max-Iter
27.94 152.18 14.66 -0.11 0.01 -0.03 -0.00 -30.00 14.67 74.61 1.57 Max-Iter
27.32 158.01 14.67 -0.12 0.02 -0.03 -0.00 -30.00 14.66 62.37 1.60 Max-Iter
26.62 163.83 14.67 -0.13 -0.02 -0.03 -0.00 -30.00 14.67 51.61 0.35 Max-Iter
25.86 169.65 14.67 -0.14 -0.01 -0.03 -0.00 -30.00 14.67 42.12 0.35 Max-Iter
