0.00 10.00 14.67 0.00 -0.00 -0.00 -0.00 0.00 14.67 324.00 0.15 Solved
0.02 15.87 14.67 0.00 -0.00 0.00 0.00 -0.00 14.67 303.23 0.10 Solved
0.03 21.73 14.67 0.00 0.00 0.00 0.00 -0.00 14.67 283.14 0.34 Max-Iter
0.05 27.60 14.67 0.00 -0.00 -0.00 -0.00 -0.00 14.67 263.74 0.26 Max-Iter
0.07 33.47 14.67 0.00 -2.00 0.03 0.00 -29.91 13.01 279.31 1.00 Max-Iter
0.08 39.33 13.87 0.01 1.58 0.50 0.00 -26.26 16.76 379.26 0.94 Max-Iter
0.15 44.88 14.50 0.21 1.23 0.29 0.00 -29.66 14.57 431.12 0.97 Max-Iter
1.39 50.55 14.99 0.33 0.21 0.05 0.00 -29.99 14.65 608.89 0.93 Max-Iter
3.33 56.22 15.07 0.35 0.16 -0.07 -0.00 -29.99 15.05 667.41 0.95 Max-Iter
5.38 61.89 15.14 0.32 -0.03 -0.06 -0.00 -29.98 14.78 615.47 0.94 Max-Iter
7.28 67.64 15.12 0.30 -0.31 -0.09 -0.00 -30.00 14.64 582.76 0.93 Max-Iter
9.05 73.42 15.00 0.26 -1.00 -0.11 -0.00 -30.00 14.62 522.41 0.97 Max-Iter
10.58 79.23 14.60 0.21 -0.09 -0.16 -0.00 -30.00 14.65 446.57 0.91 Max-Iter
11.81 84.93 14.57 0.15 0.06 -0.14 -0.00 -30.00 14.67 343.51 0.97 Max-Iter
12.68 90.70 14.59 0.10 0.08 -0.12 -0.00 -30.00 14.65 266.58 0.95 Max-Iter
13.24 96.51 14.62 0.05 0.02 -0.10 -0.00 -30.00 14.66 207.86 0.94 Max-Iter
13.52 102.35 14.63 0.01 0.04 -0.09 -0.00 -30.00 14.66 164.29 0.97 Max-Iter
13.57 108.20 14.64 -0.03 -0.01 -0.08 -0.00 -30.00 14.64 129.80 0.93 Max-Iter
13.41 114.05 14.64 -0.06 0.05 -0.07 -0.00 -30.00 14.66 100.21 0.94 Max-Iter
13.05 119.90 14.66 -0.09 0.00 -0.06 -0.00 -30.00 14.66 79.43 0.96 Max-Iter
12.54 125.74 14.66 -0.11 0.02 -0.05 -0.00 -30.00 14.66 62.45 0.94 Max-Iter
11.89 131.57 14.67 -0.13 -0.01 -0.05 -0.00 -30.00 14.67 48.69 0.27 Max-Iter
11.12 137.38 14.66 -0.15 -0.01 -0.04 -0.00 -30.00 14.67 37.52 0.27 Max-Iter
10.24 143.18 14.66 -0.17 -0.01 -0.04 -0.00 -30.00 14.67 28.38 0.27 Max-Iter
