14.00 2.00 14.67 0.00 -0.00 -0.00 -0.00 0.00 14.67 519.85 0.15 Solved
14.03 7.87 14.67 0.00 0.00 0.00 0.00 -0.00 14.67 493.44 0.11 Solved
14.05 13.73 14.67 0.00 -2.00 0.12 0.00 -29.43 12.43 505.16 0.81 Max-Iter
14.08 19.60 13.87 0.05 0.05 0.42 0.00 -30.00 14.59 558.70 0.85 Max-Iter
14.37 25.14 13.89 0.22 1.11 0.20 0.00 -29.98 14.44 627.65 0.79 Max-Iter
15.58 30.56 14.33 0.30 0.30 0.08 0.00 -29.61 14.62 735.72 0.81 Max-Iter
17.27 36.04 14.45 0.33 0.26 -0.01 -0.00 -30.00 14.71 796.00 0.80 Max-Iter
19.17 41.50 14.56 0.33 0.09 -0.08 -0.00 -30.00 14.68 782.47 0.80 Max-Iter
21.05 47.01 14.59 0.30 0.78 -0.14 -0.00 -18.33 15.03 727.68 0.78 Max-Iter
22.76 52.59 14.90 0.24 0.39 0.17 0.00 -0.87 15.09 624.24 0.85 Max-Iter
24.20 58.37 15.06 0.31 1.14 -0.43 -0.00 4.21 15.80 788.41 0.82 Max-Iter
26.04 64.11 15.52 0.14 -1.29 -0.13 -0.00 -30.00 14.76 424.38 0.79 Max-Iter
26.90 70.26 15.00 0.09 -1.82 -0.38 -0.00 -30.00 17.14 400.87 0.77 Max-Iter
27.43 76.23 14.27 -0.06 -1.82 -0.38 0.00 0.00 16.41 0.00 0.10 Algorithm-Received
27.07 81.93 13.54 -0.21 -1.82 -0.38 0.00 0.00 15.68 0.00 0.10 Algorithm-Received
25.92 87.22 12.82 -0.37 -1.82 -0.38 0.00 0.00 14.95 0.00 0.09 Algorithm-Received
24.08 92.01 12.09 -0.52 -1.82 -0.38 0.00 0.00 14.23 0.00 0.15 Algorithm-Received
21.69 96.21 11.36 -0.67 -1.82 -0.38 0.00 0.00 13.50 0.00 0.09 Algorithm-Received
18.87 99.78 10.63 -0.82 -1.82 -0.38 0.00 0.00 12.77 0.00 0.09 Algorithm-Received
15.76 102.68 9.91 -0.97 -1.82 -0.38 0.00 0.00 12.04 0.00 0.11 Algorithm-Received
12.48 104.91 9.18 -1.12 -1.82 -0.38 0.00 0.00 11.32 0.00 0.09 Algorithm-Received
9.17 106.50 8.45 -1.28 -1.82 -0.38 0.00 0.00 10.59 0.00 0.11 Algorithm-Received
5.94 107.48 7.73 -1.43 -1.82 -0.38 0.00 0.00 9.86 0.00 0.09 Algorithm-Received
2.88 107.92 7.00 -1.58 -1.82 -0.38 0.00 0.00 9.14 0.00 0.09 Algorithm-Received
0.08 107.90 6.27 -1.73 -1.82 -0.38 0.00 0.00 8.41 0.00 0.09 Algorithm-Received
-2.40 107.50 5.54 -1.88 -1.82 -0.38 0.00 0.00 7.68 0.00 0.10 Algorithm-Received
-4.51 106.82 4.82 -2.03 -1.82 -0.38 0.00 0.00 6.95 0.00 0.11 Algorithm-Received
-6.23 105.96 4.09 -2.19 -1.82 -0.38 0.00 0.00 6.23 0.00 0.10 Algorithm-Received
-7.57 105.02 3.36 -2.34 -1.82 -0.38 0.00 0.00 5.50 0.00 0.10 Algorithm-Received
-8.54 104.09 2.63 -2.49 -1.82 -0.38 0.00 0.00 4.77 0.00 0.11 Algorithm-Received
-9.18 103.25 1.91 -2.64 -1.82 -0.38 0.00 0.00 4.04 0.00 0.11 Algorithm-Received
-9.54 102.58 1.18 -2.79 -1.82 -0.38 0.00 0.00 3.32 0.00 0.11 Algorithm-Received
-9.70 102.14 0.45 -2.94 -1.82 -0.38 0.00 0.00 2.59 0.00 0.10 Algorithm-Received
-9.74 101.96 -0.28 -3.09 -1.82 -0.38 0.00 0.00 1.86 0.00 0.10 Algorithm-Received
-9.73 102.07 -1.00 -3.25 -1.82 -0.38 0.00 0.00 1.13 0.00 0.10 Algorithm-Received
-9.78 102.47 -1.73 -3.40 -1.82 -0.38 0.00 0.00 0.41 0.00 0.10 Algorithm-Received
-9.95 103.14 -2.46 -3.55 -1.82 -0.38 0.00 0.00 -0.32 0.00 0.09 Algorithm-Received
-10.34 104.04 -3.19 -3.70 -1.82 -0.38 0.00 0.00 -1.05 0.00 0.11 Algorithm-Received
-11.02 105.12 -3.91 -3.85 -1.82 -0.38 0.00 0.00 -1.78 0.00 0.12 Algorithm-Received
-12.04 106.31 -4.64 -4.00 -1.82 -0.38 0.00 0.00 -2.50 0.00 0.09 Algorithm-Received
-13.45 107.51 -5.37 -4.16 0.26 -0.12 0.00 15888.75 -4.68 66378.75 0.86 Max-Iter
-15.27 108.65 -5.27 -4.21 1.21 0.51 -0.00 10496.80 -1.98 68086.40 0.82 Max-Iter
-17.11 109.67 -4.78 -4.00 2.00 0.52 -0.00 9295.17 0.82 62305.23 0.80 Max-Iter
-18.56 110.92 -3.98 -3.79 2.00 0.52 -0.00 8610.33 1.62 56751.25 0.66 Infeasible
-19.52 112.19 -3.18 -3.58 2.00 0.52 -0.00 7931.48 2.42 51367.80 0.61 Infeasible
-20.07 113.34 -2.38 -3.37 2.00 0.52 -0.00 7261.24 3.22 46172.41 0.12 Infeasible
-20.28 114.27 -1.58 -3.16 2.00 0.52 -0.00 6601.34 4.02 41188.73 0.12 Infeasible
-20.30 114.90 -0.78 -2.95 2.00 0.52 -0.00 5952.54 4.82 36444.25 0.78 Max-Iter
-20.24 115.21 0.02 -2.74 2.00 0.52 0.00 5315.18 5.60 31968.07 0.78 Max-Iter
-20.24 115.21 0.82 -2.53 1.99 0.52 0.00 4687.69 6.39 27785.92 0.78 Max-Iter
-20.43 114.94 1.61 -2.32 0.11 0.52 0.00 3981.64 4.48 24209.91 0.81 Max-Iter
-20.90 114.50 1.66 -2.12 -2.00 0.52 0.00 3311.33 5.66 20745.13 0.21 Infeasible
-21.46 114.15 0.86 -1.91 -2.00 0.52 0.00 2577.86 4.86 17772.37 0.16 Infeasible
-21.79 114.04 0.06 -1.70 -2.00 0.52 0.00 1832.68 4.06 15069.42 0.17 Infeasible
-21.81 114.04 -0.74 -1.49 2.00 0.52 -0.00 1168.97 4.86 12342.01 0.17 Infeasible
-21.51 114.01 0.06 -1.28 2.00 0.52 0.00 500.49 5.66 9836.32 0.18 Infeasible
-21.54 114.02 0.86 -1.07 2.00 0.51 0.00 -26.96 6.46 7640.15 0.14 Infeasible
-21.84 114.18 1.66 -0.87 2.00 0.44 0.00 10.25 7.26 5747.96 0.26 Max-Iter
-22.34 114.61 2.46 -0.69 2.00 0.39 0.00 -14.74 8.06 4358.20 0.18 Infeasible
-22.97 115.37 3.26 -0.54 2.00 0.34 0.00 -18.92 8.86 3299.20 0.19 Infeasible
-23.63 116.49 4.06 -0.40 2.00 0.30 0.00 -20.36 9.66 2494.45 0.19 Infeasible
-24.27 117.98 4.86 -0.28 2.00 0.27 0.00 -20.11 10.46 1874.47 0.20 Infeasible
-24.80 119.85 5.66 -0.17 2.00 0.22 0.00 -3.95 11.26 1406.44 0.19 Infeasible
-25.19 122.08 6.46 -0.08 2.00 0.19 0.00 30.00 12.06 1063.73 0.18 Solved
-25.40 124.66 7.26 -0.01 2.00 0.16 0.00 30.00 12.86 809.46 0.19 Solved
-25.43 127.56 8.06 0.06 2.00 0.14 0.00 30.00 13.66 615.24 0.23 Solved
-25.24 130.78 8.86 0.12 2.00 0.13 0.00 30.00 14.43 467.40 0.26 Max-Iter
-24.83 134.30 9.66 0.17 2.00 0.12 0.00 29.98 14.61 355.47 0.28 Max-Iter
-24.19 138.11 10.46 0.21 2.00 0.09 0.00 29.70 14.54 265.50 0.27 Max-Iter
-23.30 142.19 11.26 0.25 2.00 0.08 0.00 30.00 14.65 207.25 0.25 Max-Iter
-22.19 146.56 12.06 0.28 2.00 0.08 0.00 30.00 14.65 160.53 0.25 Max-Iter
-20.84 151.19 12.86 0.31 2.00 0.06 0.00 29.99 14.66 123.86 0.28 Max-Iter
-19.25 156.08 13.66 0.34 1.51 0.05 0.00 30.00 14.69 98.74 0.24 Max-Iter
-17.43 161.23 14.26 0.36 0.76 0.05 0.00 34.02 14.67 79.92 0.26 Max-Iter
-15.41 166.56 14.56 0.38 0.21 0.04 0.00 30.00 14.69 64.58 0.26 Max-Iter
-13.23 171.97 14.65 0.40 -0.01 0.04 0.00 30.00 14.63 52.25 0.27 Max-Iter
-10.96 177.37 14.64 0.41 0.01 0.03 0.00 30.00 14.66 41.72 0.26 Max-Iter
-8.61 182.73 14.65 0.43 -0.48 0.04 0.00 29.99 14.59 32.97 0.25 Max-Iter
-6.18 188.06 14.45 0.44 0.85 0.01 0.00 30.24 13.15 35.16 0.26 Max-Iter
