14.00 2.00 14.67 0.00 -0.00 -0.00 -0.00 0.00 14.67 519.85 0.17 Solved
14.03 7.87 14.67 0.00 0.00 0.00 0.00 -0.00 14.67 493.44 0.13 Solved
14.05 13.73 14.67 0.00 0.00 -0.00 -0.00 0.00 14.67 467.72 0.09 Solved
14.08 19.60 14.67 0.00 -0.00 0.00 0.00 -0.00 14.67 442.69 0.09 Solved
14.10 25.47 14.67 0.00 -0.00 -0.00 -0.00 0.00 14.67 418.35 0.10 Solved
14.13 31.33 14.67 0.00 0.00 0.00 0.00 -0.00 14.67 394.69 0.09 Solved
14.15 37.20 14.67 0.00 0.00 -0.00 -0.00 0.00 14.67 371.73 0.09 Solved
14.18 43.07 14.67 0.00 0.00 0.00 0.00 -0.00 14.67 349.45 0.09 Solved
14.21 48.93 14.67 0.00 -0.00 -0.00 -0.00 0.00 14.67 327.86 0.09 Solved
14.23 54.80 14.67 0.00 -0.00 0.00 0.00 -0.00 14.67 306.96 0.09 Solved
14.26 60.67 14.67 0.00 0.00 -0.00 -0.00 0.00 14.67 286.75 0.11 Solved
14.28 66.53 14.67 0.00 0.00 0.00 0.00 -0.00 14.67 267.22 0.09 Solved
14.31 72.40 14.67 0.00 0.00 0.00 0.00 -0.00 14.67 248.38 0.10 Solved
14.33 78.27 14.67 0.00 0.00 0.00 0.00 -0.00 14.67 230.24 0.08 Solved
14.36 84.13 14.67 0.00 -0.00 0.00 0.00 0.00 14.67 212.78 0.09 Solved
14.39 90.00 14.67 0.00 -0.00 0.00 0.00 -0.00 14.67 196.01 0.08 Solved
14.41 95.87 14.67 0.00 0.00 0.00 0.00 -0.00 14.67 179.92 0.10 Solved
14.44 101.73 14.67 0.00 -0.00 -0.00 -0.00 0.00 14.67 164.53 0.08 Solved
14.46 107.60 14.67 0.00 -0.00 0.00 0.00 0.00 14.67 149.82 0.09 Solved
14.49 113.47 14.67 0.00 -0.00 0.00 0.00 -0.00 14.67 135.81 0.09 Solved
14.51 119.33 14.67 0.00 -0.00 0.00 0.00 -0.00 14.67 122.48 0.12 Solved
14.54 125.20 14.67 0.00 0.00 -0.00 -0.00 -0.00 14.67 109.83 0.09 Solved
14.57 131.07 14.67 0.00 -0.00 -0.00 -0.00 0.00 14.67 97.88 0.11 Solved
14.59 136.93 14.67 0.00 -0.00 -0.00 -0.00 0.00 14.67 86.62 0.09 Solved
14.62 142.80 14.67 0.00 0.00 0.00 0.00 0.00 14.67 76.04 0.09 Solved
14.64 148.67 14.67 0.00 -0.00 0.00 0.00 -0.00 14.67 66.15 0.09 Solved
14.67 154.53 14.67 0.00 -0.00 0.00 0.00 -0.00 14.67 56.96 0.11 Solved
14.69 160.40 14.67 0.00 0.00 0.00 0.00 -0.00 14.67 48.44 0.08 Solved
14.72 166.27 14.67 0.00 0.00 -0.00 -0.00 -0.00 14.67 40.62 0.10 Solved
14.75 172.13 14.67 0.00 0.00 -0.00 -0.00 -0.00 14.67 33.49 0.09 Solved
14.77 178.00 14.67 0.00 0.00 -0.00 -0.00 -0.00 14.67 27.04 0.11 Solved
14.80 183.86 14.67 0.00 0.00 -0.00 -0.00 -0.00 14.67 21.28 0.08 Solved
