0.00 10.00 14.67 0.00 -0.09 0.00 0.00 -0.07 14.80 484.14 0.88 Max-Iter
0.00 17.33 14.62 0.00 -0.26 -0.01 -0.00 -0.99 14.61 452.97 0.83 Max-Iter
0.00 24.64 14.49 -0.00 -1.59 0.01 0.00 -29.71 12.40 468.45 0.90 Max-Iter
-0.01 31.89 13.70 0.00 0.77 0.24 0.00 -30.00 15.41 801.69 0.85 Max-Iter
-0.01 38.74 14.08 0.12 0.79 0.15 0.00 -30.00 15.46 617.71 0.84 Max-Iter
0.85 45.73 14.48 0.20 0.60 0.07 0.00 -30.00 15.13 603.01 0.85 Max-Iter
2.27 52.83 14.78 0.23 0.38 -0.00 -0.00 -30.00 14.91 609.22 0.88 Max-Iter
3.95 60.02 14.97 0.23 0.41 -0.04 -0.00 -30.02 15.13 589.24 0.84 Max-Iter
5.65 67.31 15.18 0.21 0.12 -0.11 -0.00 -29.53 15.66 548.10 1.72 Max-Iter
7.21 74.74 15.24 0.15 -1.63 -0.09 -0.00 7.32 12.34 475.91 1.72 Max-Iter
8.37 82.27 14.42 0.11 -0.10 -0.22 -0.00 30.00 14.61 470.39 1.74 Max-Iter
9.14 89.44 14.38 -0.00 -0.05 -0.15 -0.00 30.00 14.46 289.26 1.74 Max-Iter
9.14 96.63 14.35 -0.08 -0.01 -0.10 -0.00 30.00 14.40 214.86 1.66 Max-Iter
8.59 103.78 14.35 -0.12 -0.05 -0.04 -0.00 29.93 14.42 189.45 1.71 Max-Iter
7.71 110.90 14.32 -0.15 0.09 -0.01 -0.00 30.00 14.61 177.94 1.69 Max-Iter
6.67 117.98 14.37 -0.15 0.29 0.03 0.00 26.56 14.57 165.16 1.70 Max-Iter
5.60 125.09 14.51 -0.13 0.07 0.04 0.00 30.00 14.64 140.49 1.72 Max-Iter
4.64 132.28 14.55 -0.11 0.05 0.03 0.00 30.36 14.65 117.47 1.73 Max-Iter
3.81 139.51 14.58 -0.10 0.04 0.03 0.00 30.44 14.66 97.64 1.73 Max-Iter
3.10 146.76 14.60 -0.08 -0.26 0.04 0.00 30.00 14.62 92.74 1.73 Max-Iter
2.48 154.03 14.46 -0.06 0.11 0.02 0.00 30.40 14.63 62.84 0.87 Max-Iter
2.02 161.25 14.52 -0.06 0.09 0.02 0.00 30.00 14.65 50.90 0.88 Max-Iter
1.62 168.50 14.56 -0.05 0.16 0.02 0.00 25.88 14.73 40.51 0.89 Max-Iter
1.28 175.77 14.64 -0.04 0.01 0.01 0.00 29.99 14.65 31.03 0.87 Max-Iter
