2.00 10.00 14.67 -0.01 -0.00 0.00 0.00 0.00 14.67 324.04 0.32 Solved
1.96 13.67 14.67 -0.01 -0.00 0.00 0.00 0.00 14.67 310.97 0.25 Solved
1.92 17.33 14.67 -0.01 -0.35 0.01 0.00 -0.18 14.44 300.22 4.63 Max-Iter
1.88 21.00 14.58 -0.01 -0.77 0.00 0.00 -30.00 13.67 301.60 4.47 Max-Iter
1.84 24.64 14.39 -0.01 -1.40 0.01 0.00 -30.00 12.37 354.88 4.50 Max-Iter
1.81 28.24 14.04 -0.01 -1.98 0.00 0.00 -29.99 11.75 454.44 4.57 Max-Iter
1.79 31.75 13.54 -0.01 -2.00 0.21 0.00 -30.49 11.73 972.21 4.48 Max-Iter
1.76 35.14 13.04 0.05 0.33 0.31 0.00 -29.96 13.56 1274.07 4.53 Max-Iter
1.91 38.39 13.13 0.12 1.40 0.19 0.00 -29.21 14.40 928.96 4.50 Max-Iter
2.31 41.65 13.48 0.17 1.34 0.14 0.00 -30.00 15.10 826.36 4.53 Max-Iter
2.88 44.97 13.81 0.21 1.00 0.09 0.00 -30.00 15.06 782.93 4.55 Max-Iter
3.59 48.35 14.06 0.23 0.83 0.06 0.00 -30.00 14.97 764.76 4.53 Max-Iter
4.38 51.78 14.27 0.24 0.72 0.02 0.00 -30.01 14.66 754.68 4.45 Max-Iter
5.24 55.24 14.45 0.25 -0.10 -0.01 -0.00 -29.98 14.31 751.89 11.52 Max-Iter
6.13 58.74 14.42 0.25 -0.35 -0.04 -0.00 -30.01 13.86 740.97 11.59 Max-Iter
7.01 62.24 14.34 0.24 -0.49 -0.07 -0.00 -30.68 13.69 723.92 11.18 Max-Iter
7.85 65.72 14.21 0.22 -1.23 -0.03 -0.00 -30.00 12.44 731.22 11.59 Max-Iter
8.62 69.19 13.91 0.21 -1.87 -0.06 -0.00 -30.00 11.73 812.33 11.53 Max-Iter
9.35 72.59 13.44 0.20 0.34 -0.11 -0.00 29.95 14.27 1365.02 11.49 Max-Iter
10.01 75.88 13.53 0.17 0.16 -0.37 -0.00 30.00 14.23 1219.32 11.45 Max-Iter
10.58 79.22 13.57 0.08 0.02 -0.31 -0.00 30.00 14.02 838.62 11.43 Max-Iter
10.84 82.60 13.57 -0.00 0.06 -0.26 -0.00 30.00 14.01 584.07 11.52 Max-Iter
10.84 85.99 13.59 -0.07 0.09 -0.22 -0.00 30.00 13.99 420.55 11.39 Max-Iter
10.61 89.38 13.61 -0.12 0.10 -0.17 -0.00 30.00 14.00 321.65 11.29 Max-Iter
10.20 92.76 13.64 -0.16 0.06 -0.13 -0.00 30.00 13.91 275.80 11.38 Max-Iter
9.65 96.12 13.65 -0.20 0.15 -0.09 -0.00 29.89 13.99 244.21 11.30 Max-Iter
8.98 99.47 13.69 -0.22 0.19 -0.06 -0.00 29.98 14.05 237.97 11.38 Max-Iter
8.24 102.81 13.74 -0.23 -0.19 0.00 0.00 30.03 13.78 249.19 11.48 Max-Iter
7.45 106.15 13.69 -0.23 -1.25 0.12 0.00 29.69 12.45 763.71 11.54 Max-Iter
6.66 109.48 13.38 -0.20 0.32 -0.17 -0.00 29.90 14.16 285.03 11.46 Max-Iter
5.99 112.76 13.46 -0.25 0.72 0.09 0.00 30.06 14.32 272.41 11.42 Max-Iter
5.17 116.02 13.64 -0.22 0.73 0.09 0.00 29.75 14.57 232.20 11.36 Max-Iter
4.41 119.35 13.82 -0.20 0.52 0.11 0.00 30.00 14.69 199.88 11.44 Max-Iter
3.73 122.73 13.95 -0.17 0.41 0.07 0.00 74.18 14.43 149.34 11.46 Max-Iter
3.13 126.17 14.05 -0.15 0.31 0.07 0.00 30.00 14.51 130.37 11.40 Max-Iter
2.59 129.64 14.13 -0.14 0.25 0.07 0.00 30.00 14.54 109.61 11.40 Max-Iter
2.11 133.14 14.19 -0.12 0.26 0.06 0.00 30.00 14.53 91.83 11.35 Max-Iter
