14.00 2.00 14.67 0.00 -0.00 -0.00 -0.00 0.00 14.67 519.85 0.12 Solved
14.03 7.87 14.67 0.00 -0.00 0.00 0.00 -0.00 14.67 493.44 0.07 Solved
14.05 13.73 14.67 0.00 -0.00 -0.00 -0.00 0.00 14.67 467.72 0.07 Solved
14.08 19.60 14.67 0.00 -0.00 0.00 0.00 -0.00 14.67 442.69 0.07 Solved
14.10 25.47 14.67 0.00 0.00 -0.00 -0.00 0.00 14.67 418.35 0.06 Solved
14.13 31.33 14.67 0.00 0.00 0.00 0.00 -0.00 14.67 394.69 0.06 Solved
14.15 37.20 14.67 0.00 0.00 -0.00 -0.00 0.00 14.67 371.73 0.06 Solved
14.18 43.07 14.67 0.00 -0.00 0.00 0.00 -0.00 14.67 349.45 0.06 Solved
14.21 48.93 14.67 0.00 -0.00 -0.00 -0.00 0.00 14.67 327.86 0.06 Solved
14.23 54.80 14.67 0.00 -1.31 0.10 0.00 -29.91 14.92 311.08 0.55 Max-Iter
14.26 60.67 14.14 0.04 -2.00 0.52 0.00 -30.00 11.74 467.85 0.46 Solved
14.51 66.32 13.34 0.25 -0.96 0.52 0.00 -85.19 12.38 621.85 0.51 Max-Iter
15.85 71.48 12.96 0.46 2.00 0.23 0.00 -30.00 14.70 1101.50 0.49 Max-Iter
18.15 76.13 13.76 0.55 2.00 -0.17 -0.00 -29.99 14.66 1407.24 0.50 Max-Iter
21.04 80.81 14.56 0.49 0.17 -0.29 -0.00 -30.00 14.56 1204.00 0.49 Max-Iter
23.76 85.96 14.63 0.37 0.06 -0.26 -0.00 -30.00 14.59 861.26 0.51 Max-Iter
25.87 91.42 14.65 0.27 0.00 -0.21 -0.00 -30.00 14.62 610.82 0.52 Max-Iter
27.41 97.07 14.65 0.18 0.05 -0.17 -0.00 -30.00 14.62 446.70 0.52 Max-Iter
28.47 102.84 14.67 0.11 -0.04 -0.14 -0.00 -30.00 14.67 335.54 0.50 Max-Iter
29.15 108.67 14.65 0.06 0.02 -0.11 -0.00 -30.00 14.65 259.87 0.51 Max-Iter
29.50 114.52 14.66 0.02 -0.05 -0.09 -0.00 -30.00 14.68 206.48 0.52 Max-Iter
29.60 120.38 14.64 -0.02 -0.43 -0.04 -0.00 -30.02 14.40 169.53 0.50 Max-Iter
29.50 126.24 14.47 -0.03 0.35 -0.07 -0.00 -30.00 14.66 149.95 0.50 Max-Iter
29.31 132.02 14.61 -0.06 0.09 -0.05 -0.00 -30.00 14.66 124.22 0.50 Max-Iter
28.96 137.86 14.65 -0.08 0.03 -0.04 -0.00 -30.00 14.67 103.91 0.21 Max-Iter
28.49 143.70 14.66 -0.10 0.19 -0.04 -0.00 -30.00 14.63 87.55 0.18 Max-Iter
27.91 149.53 14.74 -0.11 -0.14 -0.03 -0.00 -30.00 14.68 73.37 0.21 Max-Iter
27.24 155.39 14.68 -0.13 -0.06 -0.03 -0.00 -30.00 14.67 61.81 0.20 Max-Iter
26.50 161.21 14.65 -0.14 0.02 -0.02 -0.00 -30.00 14.67 51.65 0.19 Max-Iter
25.70 167.02 14.66 -0.14 0.01 -0.02 -0.00 -30.00 14.67 42.89 0.19 Max-Iter
24.86 172.82 14.66 -0.15 0.00 -0.01 -0.00 -30.00 14.67 35.11 0.17 Max-Iter
23.98 178.62 14.67 -0.16 0.00 -0.01 -0.00 -30.00 14.67 28.22 0.18 Max-Iter
23.07 184.42 14.67 -0.16 0.00 -0.01 -0.00 -30.00 14.67 22.14 0.17 Max-Iter
22.13 190.21 14.67 -0.17 -0.00 -0.01 -0.00 -30.00 14.67 16.83 0.17 Max-Iter
21.16 196.00 14.67 -0.17 -0.00 -0.01 -0.00 -30.32 14.67 12.27 0.18 Max-Iter
