32.00 2.00 14.67 0.00 -0.00 0.00 0.00 0.00 14.67 519.84 0.20 Solved
32.00 9.33 14.67 0.00 -0.00 0.00 0.00 0.00 14.67 486.94 0.21 Solved
32.00 16.67 14.67 0.00 -0.00 -0.00 -0.00 -0.00 14.67 455.11 1.77 Solved
32.00 24.00 14.67 -0.00 -0.00 -0.00 -0.00 0.00 14.67 424.36 1.84 Solved
32.00 31.33 14.67 -0.00 -0.00 -0.04 -0.02 4.82 14.67 394.70 1.56 Solved
32.00 38.67 14.67 -0.02 -0.00 -0.03 -0.02 5.07 14.67 367.38 5.18 Solved
31.86 46.00 14.67 -0.04 0.00 -0.03 -0.01 5.35 14.67 343.07 5.34 Solved
31.59 53.33 14.67 -0.05 0.00 -0.02 -0.01 5.66 14.67 320.93 9.41 Solved
31.23 60.65 14.67 -0.06 -0.00 -0.20 -0.09 29.93 14.67 300.51 12.52 Solved
30.79 67.97 14.67 -0.16 0.00 -0.16 -0.07 31.76 14.67 351.58 12.56 Solved
29.65 75.21 14.67 -0.24 0.00 -0.13 -0.06 33.80 14.67 451.57 12.81 Solved
27.91 82.34 14.67 -0.30 0.00 -0.10 -0.04 36.07 14.67 580.17 13.02 Solved
25.71 89.34 14.67 -0.35 0.00 -0.07 -0.03 38.63 14.67 718.81 29.88 Solved
23.17 96.21 14.67 -0.39 -0.00 -0.13 -0.06 55.93 14.67 851.22 32.86 Solved
20.41 103.01 14.67 -0.45 0.00 -0.11 -0.05 59.71 14.67 1122.65 33.77 Solved
17.22 109.61 14.67 -0.50 0.00 -0.08 -0.04 63.82 14.67 1428.80 33.67 Solved
13.69 116.04 14.67 -0.55 0.00 -0.06 -0.03 68.23 14.67 1762.07 41.71 Solved
9.89 122.31 14.67 -0.58 0.00 -0.04 -0.02 72.94 14.67 2115.10 40.98 Solved
5.89 128.45 14.67 -0.60 0.00 -0.02 -0.01 77.89 14.67 2480.62 38.60 Solved
1.76 134.51 14.67 -0.61 0.00 0.00 0.00 83.03 14.67 2851.31 38.01 Solved
-2.43 140.53 14.67 -0.61 0.00 0.00 0.00 88.29 14.67 3219.71 25.99 Solved
-6.63 146.55 14.67 -0.61 -0.01 0.33 0.15 30.00 14.67 3652.27 20.54 Solved
-10.82 152.56 14.66 -0.45 -0.00 0.31 0.14 30.00 14.67 3050.37 15.41 Solved
-13.98 159.18 14.66 -0.29 -0.00 0.29 0.13 30.00 14.67 2553.09 15.87 Solved
-16.10 166.19 14.66 -0.15 -0.00 0.28 0.13 30.00 14.67 2136.87 11.13 Solved
-17.19 173.44 14.66 -0.01 -0.00 0.27 0.12 30.00 14.66 1782.23 8.53 Solved
-17.25 180.77 14.66 0.13 -0.00 0.27 0.12 30.00 14.66 1472.66 8.68 Solved
-16.32 188.05 14.66 0.26 -0.00 0.28 0.13 30.00 14.66 1193.47 7.89 Solved
-14.41 195.12 14.66 0.40 -0.00 0.30 0.14 30.00 14.66 930.71 8.47 Solved
-11.53 201.86 14.66 0.55 -0.01 0.34 0.16 30.00 14.66 670.43 8.71 Solved
