14.00 2.00 14.67 0.00 0.00 0.00 0.00 0.00 14.67 0.52 0.44 Solved
14.47 8.64 14.33 0.00 0.42 0.00 0.00 -0.37 14.66 0.86 0.53 Solved
13.99 15.76 14.63 -0.00 0.05 -0.00 -0.00 0.28 14.67 0.46 0.29 Solved
13.30 23.17 15.15 -0.01 -0.59 -0.00 -0.00 0.91 14.67 1.18 0.29 Solved
13.06 31.57 14.57 -0.01 0.12 0.00 0.00 1.33 14.67 0.42 0.33 Solved
14.16 38.09 15.03 -0.03 -0.45 0.00 0.00 2.19 14.67 0.79 0.26 Solved
13.62 46.35 15.42 -0.04 -0.93 0.00 0.00 2.99 14.68 2.16 0.25 Solved
13.09 54.09 14.32 -0.03 0.42 -0.00 -0.00 2.88 14.66 0.70 0.28 Solved
13.96 60.57 13.54 -0.03 1.39 0.00 0.00 2.35 14.65 4.36 0.26 Solved
13.68 68.24 14.16 -0.03 0.63 -0.00 -0.00 2.55 14.66 1.10 0.24 Solved
13.36 74.82 14.81 -0.04 -0.18 -0.00 -0.00 3.63 14.67 0.31 1.18 Solved
13.61 82.22 14.97 -0.05 -0.39 -0.19 -0.09 20.79 14.67 0.77 1.03 Solved
12.78 90.60 15.01 -0.13 -0.43 -0.28 -0.13 34.91 14.67 1.12 1.22 Solved
11.87 99.35 14.98 -0.28 -0.38 -0.22 -0.10 39.06 14.67 1.03 1.42 Solved
10.17 106.75 13.63 -0.39 1.29 -0.20 -0.09 44.45 14.66 4.43 1.37 Solved
8.04 113.44 14.10 -0.51 -0.22 -0.42 -0.18 60.21 9.93 99.10 1.01 Infeasible
4.86 119.03 14.66 -0.72 0.01 -0.00 -0.00 63.01 14.67 2.24 1.26 Solved
-0.44 124.25 14.26 -0.72 0.51 0.00 0.00 67.65 14.66 3.09 1.26 Solved
-5.53 129.40 14.63 -0.72 0.04 0.19 0.09 45.00 14.67 3.34 1.04 Solved
-10.91 134.43 14.44 -0.62 0.28 0.18 0.08 45.00 14.66 3.26 1.20 Solved
-15.08 139.26 15.43 -0.54 -0.95 0.18 0.09 45.00 14.67 4.79 1.19 Solved
-18.15 145.19 14.47 -0.46 0.23 0.17 0.07 45.00 14.66 2.77 1.20 Solved
-21.44 151.31 14.96 -0.39 -0.36 0.18 0.08 45.00 14.67 2.92 1.18 Solved
-23.74 157.82 15.40 -0.30 -0.91 0.18 0.09 45.00 14.67 4.26 1.12 Solved
-26.75 165.40 16.06 -0.22 -1.73 0.19 0.10 45.00 14.68 8.82 1.05 Solved
-28.41 173.04 14.76 -0.13 -0.12 0.20 0.09 45.00 14.67 2.51 0.29 Solved
-29.99 179.66 14.73 -0.01 -0.09 0.20 0.09 45.00 14.67 2.30 0.29 Solved
-29.81 187.26 14.81 0.08 -0.19 0.22 0.10 45.00 14.67 2.40 0.31 Acceptable
-29.13 194.43 15.19 0.20 -0.65 0.24 0.11 45.00 14.67 3.11 0.31 Solved
-26.97 202.06 15.38 0.32 -0.90 0.29 0.14 45.00 14.67 4.05 0.34 Solved
-24.62 209.26 14.48 0.45 0.21 0.34 0.15 45.00 14.66 2.67 0.31 Solved
-21.89 215.54 13.62 0.64 1.26 0.40 0.17 45.00 14.65 6.03 0.31 Solved
-17.70 221.01 14.56 0.84 -1.13 0.55 0.25 -73.48 14.08 16.02 4.67 Max-Iter
