   mpciter       cost    Vdot  Chidot       V     Chi V-Terminal  ay [g] delChi [deg]      status_msg    cpuTime

         0        0.5     0.0     0.0    14.7     0.0    14.7     0.00       0.00           Solved        1.0
         1        0.9     0.4     0.0    14.3     0.2    14.7     0.00      -0.37           Solved        0.7
         2        0.5     0.0    -0.0    14.6    -0.2    14.7    -0.00       0.28           Solved        0.4
         3        1.2    -0.6    -0.0    15.1    -0.6    14.7    -0.00       0.91           Solved        0.4
         4        0.4     0.1     0.0    14.6    -0.8    14.7     0.00       1.33           Solved        0.2
         5        0.8    -0.4     0.0    15.0    -1.8    14.7     0.00       2.19           Solved        0.3
         6        2.2    -0.9     0.0    15.4    -2.3    14.7     0.00       2.99           Solved        0.3
         7        0.7     0.4    -0.0    14.3    -2.0    14.7    -0.00       2.88           Solved        0.3
         8        4.4     1.4     0.0    13.5    -1.8    14.7     0.00       2.35           Solved        0.3
         9        1.1     0.6    -0.0    14.2    -1.9    14.7    -0.00       2.55           Solved        0.3
        10        0.3    -0.2    -0.0    14.8    -2.5    14.7    -0.00       3.63           Solved        1.3
        11        0.8    -0.4   -11.0    15.0    -2.8    14.7    -0.09      20.79           Solved        1.1
        12        1.1    -0.4   -15.9    15.0    -7.7    14.7    -0.13      34.91           Solved        1.2
        13        1.0    -0.4   -12.8    15.0   -16.2    14.7    -0.10      39.06           Solved        1.1
        14        4.4     1.3   -11.7    13.6   -22.6    14.7    -0.09      44.45           Solved        1.4
        15        1.7     0.5    -5.9    14.3   -28.5    14.7    -0.05      47.74           Solved        1.5
        16        1.5     0.2    -0.0    14.5   -31.4    14.7    -0.00      51.42           Solved        1.3
        17        1.6     0.1     0.0    14.6   -31.4    14.7     0.00      55.52           Solved        1.2
        18        2.0     0.0     6.0    14.6   -31.4    14.7     0.05      45.00           Solved        1.2
        19        2.0     0.0     6.5    14.7   -28.5    14.7     0.05      45.00           Solved        1.1
        20        2.0     0.0     7.1    14.7   -25.2    14.7     0.06      45.00           Solved        1.3
        21        2.0     0.0     7.7    14.7   -21.7    14.7     0.06      45.00           Solved        1.2
        22        2.0    -0.0     8.4    14.7   -17.8    14.7     0.07      45.00           Solved        1.2
        23        2.0    -0.0     9.2    14.7   -13.7    14.7     0.07      45.00           Solved        1.3
        24        2.0    -0.0    10.2    14.7    -9.1    14.7     0.08      45.00           Solved        1.2
        25        2.0    -0.0    11.3    14.7    -4.0    14.7     0.09      45.00           Solved        0.3
        26        2.1    -0.0    12.9    14.7     1.7    14.7     0.10      45.00           Solved        0.4
        27        2.1    -0.0    14.9    14.7     8.1    14.7     0.12      45.00           Solved        0.4
        28        2.3    -0.0    17.9    14.7    15.6    14.7     0.14      45.00           Solved        0.3
        29        2.7    -0.0    23.3    14.7    24.5    14.7     0.18      45.00           Solved        0.5
        30        5.6    -0.4    31.4    14.6    36.2    14.5     0.25    -110.69         Max-Iter        5.3

