32.00 2.00 14.67 0.00 0.00 0.00 0.00 -0.00 14.67 519.84 4.08 Solved
32.00 9.33 14.67 0.00 -0.01 0.15 0.07 -18.06 14.66 487.13 3.86 Solved
32.00 16.67 14.66 0.07 0.01 0.17 0.08 -25.30 14.67 472.88 3.63 Solved
32.54 23.98 14.67 0.16 0.00 0.14 0.06 -26.44 14.67 507.66 9.74 Solved
33.68 31.22 14.67 0.23 -0.01 0.19 0.09 -41.58 14.67 575.59 16.77 Solved
35.32 38.37 14.66 0.32 -0.00 0.16 0.08 -43.45 14.67 748.02 20.53 Solved
37.65 45.32 14.66 0.41 0.00 0.13 0.06 -45.46 14.67 965.96 22.83 Solved
40.54 52.06 14.66 0.47 0.00 0.10 0.05 -47.62 14.67 1206.14 25.04 Solved
43.88 58.59 14.66 0.52 0.00 0.07 0.03 -49.94 14.67 1445.91 32.11 Solved
47.54 64.94 14.66 0.56 0.00 0.03 0.02 -52.43 14.67 1664.39 34.26 Solved
51.41 71.16 14.66 0.57 0.00 0.00 0.00 -55.09 14.67 1843.29 32.58 Solved
55.39 77.32 14.67 0.57 0.00 -0.00 -0.00 -57.94 14.67 1967.71 30.71 Solved
59.37 83.48 14.67 0.57 0.00 0.00 0.00 -60.98 14.67 2110.42 36.59 Solved
63.35 89.64 14.67 0.57 -0.00 -0.17 -0.08 -30.00 14.67 2274.31 34.51 Solved
67.33 95.80 14.67 0.49 -0.00 -0.16 -0.07 -30.00 14.67 2022.18 30.92 Solved
70.78 102.27 14.67 0.41 -0.00 -0.15 -0.07 -30.00 14.67 1811.64 24.31 Solved
73.70 109.00 14.67 0.34 0.00 -0.14 -0.06 -30.00 14.67 1633.99 11.39 Solved
76.13 115.91 14.67 0.27 0.00 -0.13 -0.06 -30.00 14.67 1482.31 11.62 Solved
78.07 122.99 14.67 0.20 -0.00 -0.13 -0.06 -30.00 14.67 1351.06 8.02 Solved
79.54 130.17 14.67 0.14 -0.00 -0.13 -0.06 -30.00 14.67 1235.74 12.19 Solved
80.55 137.43 14.67 0.08 -0.00 -0.12 -0.06 -30.00 14.67 1132.60 8.46 Solved
81.10 144.74 14.67 0.01 -0.00 -0.13 -0.06 -30.00 14.67 1038.38 5.30 Solved
81.20 152.08 14.67 -0.05 -0.00 -0.13 -0.06 -30.00 14.67 950.17 5.56 Solved
80.83 159.40 14.66 -0.11 -0.00 -0.13 -0.06 -30.00 14.67 865.17 5.78 Solved
79.99 166.68 14.66 -0.18 -0.00 -0.14 -0.06 -30.00 14.67 780.50 5.14 Solved
78.67 173.90 14.66 -0.25 -0.00 -0.16 -0.07 -30.00 14.67 692.99 3.34 Solved
76.84 181.00 14.66 -0.33 -0.00 -0.17 -0.08 -30.00 14.67 598.86 1.56 Solved
74.46 187.93 14.66 -0.42 -0.00 -0.20 -0.09 -30.00 14.67 493.45 1.54 Solved
71.50 194.64 14.66 -0.52 -0.00 -0.25 -0.11 -30.00 14.66 371.19 1.58 Solved
