32.00 2.00 14.67 0.00 0.00 0.00 0.00 -0.00 14.67 519.84 6.84 Solved
32.00 9.33 14.67 0.00 -0.00 -0.00 -0.00 0.00 14.67 486.94 6.71 Solved
32.00 16.67 14.67 -0.00 -0.00 -0.00 -0.00 0.00 14.67 455.11 5.86 Solved
32.00 24.00 14.67 -0.00 0.00 -0.00 -0.00 0.00 14.67 424.36 20.04 Solved
32.00 31.33 14.67 -0.00 -0.00 -0.19 -0.09 23.68 14.67 395.00 18.37 Solved
32.00 38.67 14.66 -0.10 -0.00 -0.16 -0.07 24.87 14.67 396.82 16.00 Solved
31.29 45.97 14.66 -0.18 0.00 -0.13 -0.06 26.17 14.67 446.92 26.45 Solved
30.00 53.18 14.66 -0.24 0.00 -0.10 -0.04 27.60 14.67 525.12 27.18 Solved
28.23 60.30 14.67 -0.29 0.00 -0.07 -0.03 29.19 14.67 612.83 35.34 Solved
26.12 67.32 14.67 -0.33 0.00 -0.03 -0.02 30.94 14.67 693.68 36.17 Solved
23.78 74.27 14.67 -0.34 0.00 -0.00 -0.00 32.90 14.67 754.07 32.82 Solved
21.32 81.18 14.67 -0.34 0.00 -0.00 -0.00 35.09 14.67 783.59 37.95 Solved
18.86 88.09 14.67 -0.34 -0.00 0.04 0.02 30.00 14.67 821.61 38.63 Solved
16.41 95.00 14.67 -0.32 -0.00 0.04 0.02 30.00 14.67 816.06 40.80 Solved
14.07 101.95 14.67 -0.30 -0.00 0.05 0.02 30.00 14.67 806.87 37.08 Solved
11.89 108.95 14.67 -0.28 -0.00 0.05 0.02 30.00 14.67 794.11 40.37 Solved
9.88 116.00 14.67 -0.25 -0.00 0.06 0.03 30.00 14.67 777.77 42.71 Solved
8.06 123.10 14.67 -0.22 -0.00 0.07 0.03 30.00 14.67 757.72 30.78 Solved
6.45 130.26 14.67 -0.19 -0.00 0.08 0.03 30.00 14.67 733.66 25.60 Solved
5.09 137.47 14.67 -0.15 -0.00 0.08 0.04 30.00 14.67 705.11 20.31 Solved
4.01 144.72 14.67 -0.11 -0.00 0.09 0.04 30.00 14.67 671.32 8.03 Solved
3.22 152.01 14.67 -0.06 -0.00 0.11 0.05 30.00 14.67 631.19 5.48 Solved
2.78 159.33 14.67 -0.01 -0.00 0.12 0.05 30.00 14.67 583.15 3.13 Solved
2.73 166.66 14.66 0.05 -0.00 0.14 0.06 30.00 14.67 524.94 3.13 Solved
3.11 173.98 14.66 0.12 -0.00 0.16 0.07 30.00 14.67 453.40 3.15 Solved
4.00 181.26 14.66 0.20 -0.00 0.20 0.09 30.00 14.67 364.30 2.87 Solved
5.48 188.44 14.66 0.30 -0.12 -0.04 -0.02 34.39 14.54 255.02 18.82 Max-Iter
