14.00 2.00 14.67 0.00 0.00 -0.00 -0.00 -0.02 14.67 519.85 9.11 Max-Iter
14.03 7.87 14.67 0.00 -0.00 -0.00 -0.00 -0.65 14.66 493.44 8.85 Max-Iter
14.05 13.73 14.67 0.00 -0.08 0.00 0.00 -27.96 14.69 467.75 8.70 Max-Iter
14.08 19.60 14.63 0.00 -2.00 0.02 0.00 -30.00 12.62 489.40 2.52 Solved
14.10 25.45 13.83 0.01 -2.00 0.52 0.00 -30.00 11.73 654.00 1.17 Solved
14.17 30.98 13.03 0.22 -2.00 0.52 0.00 -30.00 11.73 877.55 1.18 Solved
15.32 36.07 12.23 0.43 2.00 0.52 0.00 -30.00 13.03 1284.37 1.28 Solved
17.37 40.51 13.03 0.64 2.00 -0.01 -0.00 -30.00 14.82 1892.27 8.93 Max-Iter
20.48 44.69 13.83 0.64 2.00 -0.10 -0.00 -30.00 14.65 1907.89 8.84 Max-Iter
23.78 49.13 14.63 0.60 0.26 -0.19 -0.00 -30.00 14.66 1779.67 8.95 Max-Iter
27.08 53.97 14.74 0.52 -0.13 -0.24 -0.00 -30.00 14.61 1521.97 9.58 Max-Iter
30.02 59.08 14.69 0.42 -0.24 -0.23 -0.00 -30.00 14.66 1204.16 9.16 Max-Iter
32.43 64.43 14.59 0.33 -0.01 -0.20 -0.00 -30.00 14.65 942.10 8.93 Max-Iter
34.34 69.95 14.59 0.25 0.04 -0.17 -0.00 -30.00 14.66 745.33 9.06 Max-Iter
35.80 75.60 14.60 0.19 0.02 -0.15 -0.00 -30.00 14.67 597.21 9.41 Max-Iter
36.88 81.34 14.61 0.13 0.04 -0.13 -0.00 -30.00 14.66 484.61 9.34 Max-Iter
37.62 87.13 14.63 0.08 0.00 -0.11 -0.00 -30.00 14.68 398.22 8.86 Max-Iter
38.06 92.97 14.63 0.03 0.03 -0.09 -0.00 -30.00 14.67 331.86 8.73 Max-Iter
38.26 98.81 14.64 -0.00 0.02 -0.08 -0.00 -30.00 14.67 278.86 9.51 Max-Iter
38.23 104.67 14.65 -0.04 0.01 -0.07 -0.00 -30.00 14.67 236.95 9.83 Max-Iter
38.01 110.53 14.65 -0.07 0.01 -0.06 -0.00 -30.00 14.67 202.48 9.11 Max-Iter
37.63 116.37 14.66 -0.09 0.01 -0.05 -0.00 -30.00 14.67 174.04 8.76 Max-Iter
37.10 122.21 14.66 -0.11 0.01 -0.05 -0.00 -30.00 14.67 150.19 8.85 Max-Iter
36.46 128.04 14.66 -0.13 -0.00 -0.04 -0.00 -30.00 14.66 129.90 8.88 Max-Iter
35.70 133.86 14.66 -0.15 0.00 -0.03 -0.00 -30.00 14.67 112.35 8.89 Max-Iter
34.85 139.66 14.66 -0.16 0.00 -0.03 -0.00 -30.00 14.67 97.00 9.39 Max-Iter
33.92 145.45 14.66 -0.17 0.00 -0.03 -0.00 -30.00 14.67 83.45 9.68 Max-Iter
32.92 151.23 14.66 -0.18 0.00 -0.02 -0.00 -30.00 14.67 71.40 9.31 Max-Iter
31.86 157.00 14.66 -0.19 0.00 -0.02 -0.00 -30.00 14.67 60.62 9.12 Max-Iter
30.75 162.76 14.66 -0.20 0.00 -0.02 -0.00 -30.00 14.67 50.94 9.13 Max-Iter
29.58 168.50 14.66 -0.21 0.00 -0.02 -0.00 -30.00 14.67 42.27 9.10 Max-Iter
28.38 174.24 14.66 -0.21 0.00 -0.02 -0.00 -30.00 14.67 34.53 9.20 Max-Iter
27.13 179.98 14.67 -0.22 0.00 -0.01 -0.00 -30.00 14.67 27.63 9.10 Max-Iter
25.85 185.70 14.67 -0.23 0.00 -0.01 -0.00 -30.00 14.67 21.55 9.31 Max-Iter
