32.00 2.00 14.67 0.00 0.00 -0.00 -0.00 0.00 14.67 519.84 4.38 Solved
32.00 9.33 14.67 -0.00 -0.00 -0.03 -0.01 3.23 14.67 486.94 5.76 Solved
32.00 16.67 14.67 -0.01 -0.06 -0.31 -0.14 52.84 14.65 457.20 8.53 Solved
31.90 24.00 14.64 -0.17 0.04 -0.00 -0.00 13.05 14.67 520.95 9.74 Solved
30.65 31.21 14.66 -0.17 0.01 -0.00 -0.00 13.69 14.67 498.97 9.16 Solved
29.41 38.43 14.66 -0.17 0.01 -0.00 -0.00 14.39 14.67 478.88 12.38 Solved
28.16 45.66 14.67 -0.17 0.00 0.00 0.00 15.17 14.67 460.83 17.80 Solved
26.91 52.88 14.67 -0.17 0.00 0.00 0.00 15.60 14.67 444.97 17.30 Solved
25.66 60.11 14.67 -0.17 0.00 0.01 0.00 15.85 14.67 429.11 21.65 Solved
24.43 67.34 14.67 -0.17 0.00 0.01 0.00 16.87 14.67 412.43 21.64 Solved
23.22 74.57 14.67 -0.16 0.00 0.01 0.00 18.02 14.67 398.89 28.81 Solved
22.04 81.81 14.67 -0.16 0.00 0.00 0.00 19.33 14.67 388.86 27.27 Solved
20.88 89.05 14.67 -0.16 -0.00 0.00 0.00 20.84 14.67 382.81 35.13 Solved
19.73 96.29 14.67 -0.16 -0.00 0.03 0.01 18.99 14.67 381.35 33.28 Solved
18.59 103.53 14.67 -0.14 0.00 0.04 0.02 17.28 14.67 363.90 34.62 Solved
17.55 110.79 14.67 -0.12 0.00 0.04 0.02 19.05 14.67 334.49 43.08 Solved
16.67 118.07 14.67 -0.10 0.00 0.03 0.01 21.21 14.67 312.98 41.26 Solved
15.93 125.37 14.67 -0.09 0.00 0.02 0.01 23.88 14.67 299.66 22.20 Solved
15.29 132.68 14.67 -0.08 -0.00 0.01 0.01 27.26 14.67 295.37 17.81 Solved
14.74 139.99 14.67 -0.07 -0.00 0.01 0.00 31.65 14.67 301.72 16.73 Solved
14.24 147.31 14.67 -0.06 -0.00 0.00 0.00 37.48 14.67 321.44 14.97 Solved
13.77 154.62 14.67 -0.06 -0.00 -0.00 -0.00 45.41 14.67 358.89 16.09 Solved
13.30 161.94 14.67 -0.06 -0.00 0.11 0.05 30.00 14.67 412.99 14.74 Solved
12.82 169.26 14.67 -0.01 -0.00 0.14 0.06 30.00 14.67 369.10 12.26 Solved
12.75 176.59 14.66 0.06 -0.00 0.18 0.08 30.00 14.67 305.45 8.00 Solved
13.17 183.91 14.66 0.15 -0.16 -0.03 -0.01 79.09 14.49 219.16 97.55 Max-Iter
