14.00 2.00 14.67 0.00 -0.10 -0.00 -0.00 0.58 14.62 0.00 0.62 Solved
14.00 7.87 14.63 -0.00 -0.11 -0.00 -0.00 0.59 14.59 0.00 0.58 Solved
14.00 13.72 14.58 -0.00 -0.16 -0.00 -0.00 0.61 14.55 0.00 0.92 Solved
14.00 19.55 14.52 -0.00 -0.33 -0.00 -0.00 0.63 14.42 0.00 0.54 Solved
14.00 25.36 14.39 -0.00 -1.98 0.00 0.00 0.64 13.22 0.00 0.60 Solved
14.00 31.11 13.59 -0.00 -2.00 -0.52 -0.22 30.00 13.20 1706.38 0.55 Solved
14.00 36.55 12.79 -0.21 -2.00 -0.52 -0.21 30.00 13.20 1573.47 1.10 Solved
12.94 41.56 11.99 -0.42 -2.00 -0.29 -0.11 30.00 13.20 539.38 0.64 Solved
10.99 45.94 11.19 -0.53 -2.00 -0.11 -0.04 30.00 13.20 202.23 0.78 Solved
8.71 49.79 10.39 -0.58 0.45 0.01 0.00 30.00 13.20 143.25 0.98 Solved
6.44 53.28 10.57 -0.57 2.00 0.08 0.03 30.00 13.20 134.00 0.74 Solved
4.14 56.83 11.37 -0.54 1.39 -0.06 -0.02 17.35 13.87 911.28 21.26 Max-Iter
1.80 60.73 11.93 -0.57 0.97 0.07 0.02 19.75 13.72 697.07 20.56 Max-Iter
-0.76 64.76 12.32 -0.54 -2.00 0.11 0.04 30.00 13.20 166.58 0.95 Solved
-3.29 68.98 11.52 -0.50 -2.00 0.09 0.03 30.00 13.20 126.00 0.85 Solved
-5.48 73.03 10.72 -0.46 -1.79 0.08 0.03 30.00 13.20 96.64 0.89 Solved
-7.39 76.87 10.00 -0.43 -0.00 0.07 0.02 30.00 13.20 76.36 0.79 Solved
-9.05 80.51 10.00 -0.40 -0.00 0.06 0.02 30.00 13.20 62.21 0.73 Solved
-10.61 84.20 10.00 -0.37 -0.00 0.06 0.02 30.00 13.20 52.27 1.06 Solved
-12.07 87.92 10.00 -0.35 -0.00 0.06 0.02 30.00 13.20 45.26 0.92 Solved
-13.44 91.68 10.00 -0.33 -0.00 0.05 0.02 30.00 13.20 40.35 0.83 Solved
-14.73 95.46 10.00 -0.31 -0.00 0.05 0.02 30.00 13.20 36.94 0.76 Solved
-15.94 99.28 10.00 -0.29 -0.00 0.05 0.02 30.00 13.20 34.65 0.75 Solved
-17.07 103.11 10.00 -0.27 -0.00 0.05 0.01 30.00 13.20 33.22 0.96 Solved
-18.13 106.97 10.00 -0.25 -0.00 0.05 0.01 30.00 13.20 32.45 0.84 Solved
-19.11 110.85 10.00 -0.23 -0.00 0.05 0.01 30.00 13.20 32.22 0.92 Solved
-20.02 114.74 10.00 -0.21 -0.00 0.05 0.01 30.00 13.20 32.44 1.13 Solved
-20.86 118.65 10.00 -0.19 -0.00 0.05 0.01 30.00 13.20 33.04 0.89 Solved
-21.62 122.58 10.00 -0.17 -0.00 0.05 0.02 30.00 13.20 34.00 0.74 Solved
-22.31 126.52 10.00 -0.15 -0.00 0.05 0.02 30.00 13.20 35.28 0.67 Solved
-22.92 130.47 10.00 -0.13 -0.00 0.05 0.02 30.00 13.20 36.87 0.68 Solved
-23.45 134.44 10.00 -0.11 -0.00 0.05 0.02 30.00 13.20 38.79 0.79 Solved
-23.90 138.41 10.00 -0.09 -0.00 0.05 0.02 30.00 13.20 41.04 0.71 Solved
-24.27 142.40 10.00 -0.07 -0.00 0.06 0.02 30.00 13.20 43.64 0.76 Solved
-24.55 146.39 10.00 -0.05 -0.00 0.06 0.02 30.00 13.20 46.62 0.81 Solved
-24.75 150.38 10.00 -0.03 -0.00 0.06 0.02 30.00 13.20 50.04 0.70 Solved
-24.85 154.38 10.00 -0.00 -0.00 0.06 0.02 30.00 13.20 53.95 0.72 Solved
-24.85 158.38 10.00 0.02 -0.00 0.07 0.02 30.00 13.20 58.42 0.84 Solved
-24.76 162.38 10.00 0.05 -0.00 0.07 0.02 30.00 13.20 63.55 0.72 Solved
-24.55 166.37 10.00 0.08 -0.00 0.07 0.02 30.00 13.20 69.47 0.66 Solved
-24.24 170.36 10.00 0.11 -0.00 0.08 0.02 30.00 13.20 76.32 0.72 Solved
-23.82 174.34 10.00 0.14 -2.00 0.05 0.02 30.00 6.33 37.99 0.94 Solved
-23.27 178.30 9.20 0.16 2.00 0.09 0.03 30.00 13.20 105.66 0.51 Solved
-22.69 181.94 10.00 0.19 -2.00 0.06 0.02 30.00 6.74 52.59 1.03 Solved
-21.92 185.86 9.20 0.22 -2.00 0.06 0.02 30.00 5.94 53.48 0.79 Solved
