32.00 2.00 14.67 0.00 0.00 0.00 0.00 -0.00 14.67 519.84 2.33 Solved
32.00 9.33 14.67 0.00 -0.00 0.00 0.00 -0.00 14.67 486.94 3.97 Solved
32.00 16.67 14.67 0.00 -0.00 0.11 0.05 -13.64 14.67 455.22 3.64 Solved
32.00 24.00 14.66 0.06 0.00 0.11 0.05 -17.66 14.67 434.71 5.49 Solved
32.41 31.32 14.67 0.11 0.00 0.09 0.04 -18.52 14.67 437.36 5.50 Solved
33.23 38.61 14.67 0.16 0.00 0.07 0.03 -19.46 14.67 455.35 5.10 Solved
34.38 45.85 14.67 0.20 0.00 0.06 0.03 -20.49 14.67 481.44 5.18 Solved
35.81 53.04 14.67 0.22 0.00 0.04 0.02 -21.64 14.67 509.34 5.76 Solved
37.43 60.20 14.67 0.24 -0.00 0.02 0.01 -22.92 14.67 533.68 13.06 Solved
39.18 67.32 14.67 0.25 -0.00 -0.00 -0.00 -24.34 14.67 549.98 11.22 Solved
41.00 74.42 14.67 0.25 -0.00 0.00 0.00 -25.95 14.67 554.70 15.64 Solved
42.81 81.53 14.67 0.25 -0.00 0.07 0.03 -36.33 14.67 564.47 19.01 Solved
44.63 88.63 14.67 0.28 0.00 0.09 0.04 -44.51 14.67 658.04 24.78 Solved
46.68 95.67 14.67 0.33 0.00 0.08 0.04 -47.65 14.67 818.40 39.92 Solved
49.07 102.61 14.67 0.37 0.00 0.06 0.03 -51.13 14.67 998.35 38.06 Solved
51.73 109.44 14.67 0.40 0.00 0.05 0.02 -54.98 14.67 1194.22 33.55 Solved
54.59 116.19 14.67 0.43 0.00 0.03 0.01 -59.24 14.67 1402.80 33.30 Solved
57.62 122.87 14.67 0.44 -0.00 0.02 0.01 -63.91 14.67 1621.41 34.20 Solved
60.75 129.50 14.67 0.45 -0.00 -0.00 -0.00 -68.98 14.67 1847.74 29.77 Solved
63.94 136.11 14.67 0.45 -0.00 -0.00 -0.00 -74.42 14.67 2079.89 25.76 Solved
67.12 142.72 14.67 0.45 -0.01 -0.25 -0.11 -30.00 14.67 2359.82 25.33 Solved
70.30 149.32 14.66 0.32 -0.00 -0.24 -0.11 -30.00 14.67 2011.05 26.00 Solved
72.64 156.27 14.66 0.20 -0.00 -0.23 -0.11 -30.00 14.67 1715.63 19.88 Solved
74.12 163.45 14.66 0.09 -0.00 -0.23 -0.10 -30.00 14.67 1460.25 19.25 Solved
74.77 170.76 14.66 -0.03 -0.00 -0.23 -0.10 -30.00 14.67 1233.50 19.72 Solved
74.58 178.08 14.66 -0.14 -0.00 -0.24 -0.11 -30.00 14.67 1025.13 15.63 Solved
73.55 185.34 14.66 -0.26 -0.00 -0.26 -0.12 -30.00 14.66 825.21 5.37 Solved
71.67 192.43 14.66 -0.39 -0.00 -0.29 -0.13 -30.00 14.66 623.53 3.49 Solved
68.90 199.21 14.66 -0.53 -2.51 -0.52 -0.24 48.47 15.60 441.48 18.41 Max-Iter
65.18 205.53 13.40 -0.79 2.00 -0.51 -0.21 144.13 15.30 100.93 5.28 Max-Iter
60.40 210.23 14.40 -1.05 -5.81 0.51 0.23 -67.29 11.01 424.22 5.43 Max-Iter
