32.00 2.00 14.67 0.00 -0.00 0.00 0.00 0.00 14.67 519.84 0.20 Solved
32.00 9.33 14.67 0.00 0.00 -0.00 -0.00 0.00 14.67 486.94 3.59 Solved
32.00 16.67 14.67 -0.00 -0.00 -0.00 -0.00 0.00 14.67 455.11 4.01 Solved
32.00 24.00 14.67 -0.00 -0.00 -0.00 -0.00 0.00 14.67 424.36 3.91 Solved
32.00 31.33 14.67 -0.00 0.00 -0.00 -0.00 0.00 14.67 394.68 3.99 Solved
32.00 38.67 14.67 -0.00 -0.00 -0.00 -0.00 0.00 14.67 366.08 10.54 Solved
32.00 46.00 14.67 -0.00 0.00 0.00 0.00 0.00 14.67 338.56 14.46 Solved
32.00 53.33 14.67 -0.00 0.00 -0.00 -0.00 0.00 14.67 312.11 15.00 Solved
32.00 60.67 14.67 -0.00 0.00 -0.00 -0.00 0.00 14.67 286.74 12.36 Solved
32.00 68.00 14.67 -0.00 -0.00 -0.00 -0.00 0.00 14.67 262.44 19.24 Solved
32.00 75.33 14.67 -0.00 -0.00 -0.00 -0.00 0.26 14.67 239.22 16.47 Solved
32.00 82.67 14.67 -0.00 -0.00 -0.00 -0.00 0.28 14.67 217.07 18.05 Solved
31.99 90.00 14.67 -0.00 -0.00 -0.00 -0.00 0.31 14.67 196.01 20.01 Solved
31.98 97.33 14.67 -0.00 -0.01 -0.10 -0.05 14.63 14.67 176.12 21.35 Solved
31.96 104.67 14.66 -0.05 0.00 -0.12 -0.05 22.23 14.67 166.59 30.33 Solved
31.57 111.99 14.67 -0.11 -0.02 -0.24 -0.11 47.95 14.66 184.87 42.91 Solved
30.74 119.27 14.66 -0.23 0.01 -0.26 -0.12 61.07 14.67 317.28 73.60 Solved
29.06 126.41 14.66 -0.36 0.01 -0.22 -0.10 66.46 14.67 610.98 66.01 Solved
26.45 133.26 14.67 -0.47 0.00 -0.17 -0.08 72.32 14.67 1015.61 32.36 Solved
23.12 139.79 14.67 -0.56 0.00 -0.13 -0.06 78.59 14.67 1503.76 30.31 Solved
19.22 146.00 14.67 -0.63 0.00 -0.09 -0.04 85.15 14.67 2049.70 21.61 Solved
14.93 151.95 14.67 -0.67 -0.00 -0.04 -0.02 90.00 14.67 2628.41 22.72 Solved
10.38 157.70 14.67 -0.69 -0.00 0.04 0.02 90.00 14.67 3214.49 20.05 Solved
5.71 163.36 14.67 -0.67 -0.00 0.07 0.03 90.00 14.67 3634.64 16.10 Solved
1.17 169.11 14.67 -0.63 -0.01 0.42 0.19 30.00 14.66 4045.26 12.18 Solved
-3.18 175.02 14.66 -0.43 -0.01 0.41 0.18 30.00 14.66 3297.37 11.69 Solved
-6.21 181.69 14.66 -0.22 -0.00 0.40 0.18 30.00 14.66 2653.26 8.61 Solved
-7.83 188.84 14.65 -0.02 -0.00 0.41 0.19 30.00 14.66 2084.31 7.95 Solved
-7.98 196.16 14.65 0.19 -0.01 0.44 0.20 30.00 14.66 1561.23 9.59 Acceptable
-6.63 203.36 14.65 0.41 -0.19 0.30 0.14 -105.72 14.54 1052.45 101.46 Max-Iter
