0.00 0.00 -0.00 -0.00 -0.00 -0.00 0.00 0.00 0.00 0.00 0.00 0.00 
0.00 0.00 -0.00 -0.00 -0.00 -0.00 0.00 0.00 0.00 0.00 0.00 0.00 
0.00 0.00 -0.00 -0.00 -0.00 -0.00 0.00 0.00 0.00 0.00 0.00 0.00 
0.00 0.00 -0.00 -0.00 -0.00 -0.00 0.00 0.00 0.00 0.00 0.00 0.00 
0.00 0.00 -0.00 -0.00 -0.00 -0.00 0.00 0.00 0.00 0.00 0.00 0.00 
0.00 0.00 -0.00 -0.00 -0.00 -0.00 0.00 0.00 0.00 0.00 0.00 0.00 
0.00 0.00 -0.00 -0.00 -0.00 -0.00 0.00 0.00 0.00 0.00 0.00 0.00 
0.00 0.00 -0.00 -0.00 -0.00 -0.00 0.00 0.00 0.00 0.00 0.00 0.00 
0.00 0.00 -0.00 -0.00 -0.00 -0.00 0.00 0.00 0.00 0.00 0.00 0.00 
0.00 0.00 -0.00 -0.00 -0.00 -0.00 0.00 0.00 0.00 0.00 0.00 0.00 
-0.00 -0.00 0.00 -0.00 -0.00 -0.00 -0.00 0.00 0.00 0.00 0.00 0.00 
-0.10 -0.07 -0.05 -0.02 0.00 0.00 1.44 1.12 0.76 0.39 -0.00 0.00 
