0.00 0.00 0.00 0.00 0.00 0.00 0.00 0.00 0.00 0.00 0.00 0.00 0.00 0.00 0.00 0.00 0.00 0.00 0.00 0.00 0.00 0.00 0.00 0.00 51.98 0.00 
0.06 0.22 0.32 0.30 0.20 0.09 0.02 0.00 0.03 0.01 0.00 0.01 0.01 0.02 0.01 0.00 0.01 0.00 0.00 0.00 0.00 0.00 0.00 0.00 49.34 0.00 
1.01 3.10 4.52 5.00 4.75 3.97 2.78 1.40 0.35 0.08 0.01 0.00 0.02 0.07 0.15 0.00 0.11 0.20 0.00 0.00 0.01 0.09 0.07 0.00 46.78 0.00 
10.65 30.34 50.35 64.02 69.76 66.94 55.51 43.99 3.15 1.58 0.51 0.08 0.02 0.33 0.42 0.00 103.21 77.18 51.11 29.43 12.92 3.84 0.07 0.00 44.33 0.00 
5.46 1.95 0.19 0.17 1.12 2.22 2.97 3.26 0.55 0.58 0.45 0.26 0.12 0.03 0.00 0.00 202.33 139.90 95.46 53.52 18.15 5.25 0.00 0.00 42.07 0.00 
5.32 5.13 4.26 3.18 2.20 1.48 1.02 0.71 0.00 0.03 0.05 0.06 0.04 0.03 0.02 0.00 149.00 78.01 50.64 27.75 8.83 1.00 0.11 0.00 39.85 0.00 
3.14 1.50 0.41 0.02 0.02 0.08 0.11 0.11 0.19 0.22 0.15 0.06 0.01 0.00 0.00 0.00 82.05 50.64 24.58 6.08 0.00 0.00 0.00 0.00 37.74 0.01 
1.53 0.48 0.03 0.05 0.21 0.32 0.37 0.40 0.19 0.17 0.10 0.03 0.01 0.00 0.00 0.00 54.13 22.83 4.39 0.23 0.22 0.22 0.21 0.00 35.70 0.02 
0.31 0.02 0.30 0.46 0.46 0.39 0.32 0.29 0.30 0.11 0.01 0.00 0.00 0.00 0.00 0.00 22.98 4.01 6.19 0.59 0.10 0.08 0.12 0.00 33.74 0.04 
0.01 0.19 0.36 0.35 0.27 0.19 0.15 0.13 0.16 0.02 0.00 0.00 0.00 0.00 0.00 0.00 3.94 1.60 1.49 1.42 1.33 1.24 1.15 0.00 31.85 0.08 
0.01 0.08 0.08 0.04 0.02 0.01 0.00 0.00 0.02 0.00 0.00 0.00 0.00 0.00 0.00 0.00 2.23 2.25 2.17 1.99 1.82 1.68 1.55 0.00 30.02 0.14 
0.00 0.00 0.01 0.02 0.03 0.03 0.02 0.01 0.00 0.00 0.00 0.00 0.00 0.00 0.00 0.00 3.05 2.67 2.65 2.60 2.45 2.27 2.11 0.00 28.24 0.21 
0.04 0.18 0.29 0.31 0.24 0.13 0.04 0.00 0.03 0.01 0.00 0.00 0.01 0.02 0.02 0.00 3.93 3.44 3.39 3.14 2.83 2.60 2.50 0.00 26.52 0.31 
1.99 6.78 12.09 16.38 18.74 18.76 16.51 12.49 0.89 0.48 0.20 0.05 0.00 0.04 0.18 0.00 2.48 2.92 1.88 4.22 4.15 3.80 3.61 0.00 24.87 0.43 
15.52 41.69 80.76 132.62 197.29 243.20 205.14 139.07 3.96 4.00 4.00 4.00 1.50 1.01 4.00 0.00 18.13 2.59 0.43 4.22 18.43 36.09 48.94 0.00 23.31 0.57 
41.82 80.66 132.46 197.08 272.78 268.89 204.05 138.56 3.95 3.99 4.00 3.84 0.01 2.79 3.95 0.00 488.60 172.08 19.20 19.92 155.96 389.04 722.66 0.00 21.93 0.74 
80.93 132.54 195.73 265.19 312.17 283.48 204.74 138.87 3.96 3.84 3.29 1.20 0.43 3.99 3.98 0.00 535.40 131.94 0.46 85.96 336.40 812.16 898.33 0.00 20.82 0.98 
42.26 15.94 2.28 0.62 0.08 5.48 14.90 4.07 3.93 3.85 3.30 0.73 2.63 1.44 2.12 0.00 323.70 56.70 24.98 293.49 807.30 892.97 896.49 0.00 19.98 1.30 
16.26 2.40 0.20 2.65 5.72 9.37 9.88 10.54 3.85 2.49 0.87 0.36 0.28 0.00 0.01 0.00 14.91 25.64 216.02 45.56 537.21 708.78 853.51 0.00 19.29 1.74 
8.93 3.74 1.35 0.49 0.21 0.09 0.04 0.01 0.70 0.37 0.13 0.04 0.01 0.01 0.01 0.00 41.36 99.90 186.55 301.68 444.45 424.86 392.44 0.00 18.57 2.29 
9.23 9.45 8.00 6.19 5.37 5.35 5.43 5.67 0.00 0.04 0.07 0.02 0.00 0.00 0.00 0.00 146.60 164.23 134.05 431.56 293.99 257.15 260.39 0.00 17.84 2.94 
4.30 1.20 0.21 0.02 0.00 0.02 0.05 0.12 0.60 0.26 0.06 0.02 0.01 0.01 0.01 0.00 142.82 192.03 252.67 246.67 222.84 200.39 181.34 0.00 17.06 3.67 
2.18 0.75 0.32 0.17 0.14 0.14 0.14 0.14 0.23 0.06 0.01 0.00 0.00 0.00 0.00 0.00 191.63 203.79 193.82 181.69 169.02 156.17 142.89 0.00 16.23 4.49 
1.22 0.52 0.36 0.37 0.44 0.50 0.52 0.47 0.09 0.01 0.00 0.00 0.00 0.00 0.00 0.00 208.57 153.18 156.16 145.10 131.22 118.32 108.18 0.00 15.34 5.39 
5.39 12.45 18.80 22.09 21.86 18.91 14.52 9.85 0.91 0.41 0.08 0.00 0.07 0.18 0.28 0.00 317.28 102.30 66.03 84.63 80.03 62.24 117.50 0.00 14.39 6.35 
3.43 1.88 1.14 0.76 0.53 0.39 0.28 0.18 0.15 0.06 0.02 0.01 0.01 0.01 0.01 0.00 74.49 195.70 105.75 58.58 45.12 43.61 42.01 0.00 13.42 7.30 
2.02 0.96 0.48 0.26 0.14 0.08 0.05 0.02 0.12 0.05 0.02 0.01 0.01 0.00 0.00 0.00 87.31 81.25 75.51 69.57 63.24 56.72 50.34 0.00 12.45 8.33 
1.26 0.66 0.38 0.25 0.18 0.13 0.09 0.06 0.06 0.02 0.01 0.00 0.00 0.00 0.00 0.00 79.46 68.79 63.70 60.13 55.96 50.58 44.27 0.00 11.48 9.45 
0.83 0.48 0.32 0.23 0.19 0.16 0.13 0.10 0.03 0.01 0.00 0.00 0.00 0.00 0.00 0.00 68.99 61.86 56.95 53.05 49.26 45.02 40.12 0.00 10.52 10.64 
2.24 4.27 6.60 8.72 10.23 10.91 10.67 9.58 0.20 0.16 0.09 0.04 0.01 0.00 0.02 0.00 98.13 53.91 14.72 8.89 23.60 65.64 127.04 0.00 9.59 11.93 
1.46 0.82 0.48 0.28 0.17 0.10 0.05 0.02 0.06 0.03 0.02 0.01 0.01 0.00 0.00 0.00 58.64 48.63 44.94 40.70 36.15 32.11 24.68 0.00 8.68 13.27 
1.38 1.28 1.26 1.17 0.98 0.70 0.37 0.09 0.00 0.00 0.00 0.01 0.01 0.03 0.06 0.00 52.35 48.09 42.94 37.91 33.41 29.38 25.05 0.00 7.81 14.71 
1.35 1.28 1.23 1.11 0.91 0.65 0.36 0.10 0.00 0.00 0.00 0.01 0.01 0.03 0.05 0.00 54.22 48.16 42.73 37.48 32.45 27.82 23.84 0.00 6.97 16.28 
1.38 1.39 1.37 1.28 1.10 0.86 0.58 0.30 0.00 0.00 0.00 0.00 0.01 0.02 0.03 0.00 53.05 48.67 43.99 38.76 33.42 27.97 22.03 0.00 6.17 17.99 
1.72 2.06 2.21 2.13 1.83 1.37 0.81 0.27 0.01 0.00 0.00 0.01 0.02 0.05 0.09 0.00 55.87 50.91 45.15 39.40 33.97 28.70 23.15 0.00 5.42 19.85 
2.09 2.45 2.56 2.42 2.07 1.54 0.91 0.28 0.01 0.00 0.00 0.01 0.02 0.05 0.11 0.00 63.69 56.12 48.67 41.40 34.47 27.99 21.96 0.00 4.71 21.88 
2.65 3.25 3.47 3.33 2.90 2.24 1.39 0.50 0.02 0.00 0.00 0.01 0.03 0.06 0.14 0.00 70.42 61.41 52.61 44.10 36.01 28.48 21.60 0.00 4.04 24.10 
0.05 4.29 9.36 11.08 9.01 4.69 0.75 0.74 2.16 0.61 0.05 0.07 0.44 1.05 1.86 0.00 1.08 182.65 287.89 194.93 103.16 25.08 242.87 0.00 3.43 26.54 
15.02 8.46 1.09 0.00 0.01 0.54 2.25 3.58 0.58 2.18 0.62 0.00 0.27 0.37 0.10 0.00 166.33 142.78 110.83 53.58 52.39 13.06 41.27 0.00 2.85 29.67 
30.46 9.01 2.75 0.01 0.64 0.47 0.07 0.06 3.96 1.13 1.97 0.29 0.01 0.11 0.17 0.00 115.99 102.18 80.47 57.81 54.63 41.64 25.83 0.00 2.33 32.99 
45.51 17.89 3.42 0.00 1.24 2.89 3.58 3.24 3.96 3.54 2.04 0.83 0.22 0.02 0.01 0.00 104.26 87.06 71.49 57.32 43.70 30.96 21.97 0.00 1.88 36.49 
57.73 25.81 6.51 0.24 0.72 2.30 2.69 1.81 3.96 4.00 2.64 1.12 0.28 0.01 0.05 0.00 116.02 90.98 61.36 42.81 37.91 31.99 22.31 0.00 1.50 40.20 
65.79 31.29 9.39 0.59 0.85 3.93 6.47 7.31 3.96 4.00 3.30 1.78 0.71 0.20 0.02 0.00 99.71 80.14 62.29 48.58 36.77 26.74 18.92 0.00 1.18 44.09 
69.95 34.69 12.40 1.92 0.11 2.55 5.76 7.70 3.82 3.51 2.85 1.86 0.99 0.40 0.09 0.00 108.90 87.22 68.15 51.70 37.68 25.72 16.18 0.00 0.91 48.23 
68.91 33.48 10.61 0.53 1.97 7.56 11.17 10.26 3.95 4.00 4.00 2.84 1.13 0.22 0.01 0.00 110.44 89.03 66.56 43.55 25.40 17.96 21.61 0.00 0.69 52.61 
