14.00 2.00 14.67 0.00 0.00 -0.00 -0.00 0.02 14.67 228.00 0.52 Acceptable
14.00 7.87 14.67 -0.00 -0.00 0.00 0.00 0.01 14.67 222.13 0.47 Solved
14.00 13.73 14.67 -0.00 0.00 -0.00 -0.00 0.02 14.67 216.27 0.46 Acceptable
13.99 19.60 14.67 -0.00 -0.00 -0.04 -0.02 0.56 14.67 210.40 0.39 Acceptable
13.99 25.47 14.67 -0.02 0.00 -0.12 -0.05 1.75 14.67 204.55 0.42 Solved
13.88 31.33 14.67 -0.07 0.00 0.00 0.00 1.04 14.67 198.67 0.53 Acceptable
13.49 37.19 14.67 -0.07 0.00 0.00 0.00 1.23 14.67 192.84 0.50 Solved
13.10 43.04 14.67 -0.07 0.00 0.00 0.00 1.43 14.67 187.04 0.47 Solved
12.70 48.89 14.67 -0.07 0.00 0.00 0.00 1.65 14.67 181.28 0.47 Solved
12.31 54.75 14.67 -0.07 0.00 0.00 0.00 1.88 14.67 175.57 0.48 Solved
11.92 60.60 14.67 -0.07 0.00 -0.00 -0.00 2.14 14.67 169.91 0.47 Solved
11.53 66.45 14.67 -0.07 0.00 0.00 0.00 2.43 14.67 164.31 0.47 Solved
11.14 72.31 14.67 -0.07 0.00 0.00 0.00 2.74 14.67 158.80 0.48 Solved
10.75 78.16 14.67 -0.07 0.00 -0.00 -0.00 3.09 14.67 153.37 0.47 Solved
10.36 84.02 14.67 -0.07 0.00 0.00 0.00 3.47 14.67 148.07 0.52 Solved
9.97 89.87 14.67 -0.07 0.00 0.00 0.00 3.90 14.67 142.90 0.50 Solved
9.58 95.72 14.67 -0.07 0.00 0.00 0.00 4.38 14.67 137.90 0.50 Acceptable
9.19 101.58 14.67 -0.07 0.00 -0.00 -0.00 4.93 14.67 133.11 0.49 Solved
8.80 107.43 14.67 -0.07 0.00 0.00 0.00 5.55 14.67 128.58 0.50 Acceptable
8.41 113.28 14.67 -0.07 0.00 -0.00 -0.00 6.27 14.67 124.37 0.48 Acceptable
8.02 119.14 14.67 -0.07 0.00 0.00 0.00 7.11 14.67 120.56 0.48 Acceptable
7.63 124.99 14.67 -0.07 0.00 0.00 0.00 8.09 14.67 117.25 0.54 Acceptable
7.24 130.84 14.67 -0.07 -0.00 -0.00 -0.00 9.27 14.67 114.60 0.52 Acceptable
6.85 136.70 14.67 -0.07 -0.00 0.02 0.01 10.00 14.67 112.78 0.56 Acceptable
6.46 142.55 14.67 -0.06 -0.00 0.05 0.02 10.00 14.67 112.07 0.45 Solved
6.11 148.41 14.67 -0.04 -0.00 0.07 0.03 10.00 14.67 112.47 0.40 Acceptable
5.88 154.27 14.67 -0.01 -0.00 0.07 0.03 10.00 14.67 113.59 0.45 Acceptable
5.81 160.14 14.67 0.02 0.00 0.07 0.03 10.00 14.67 115.07 0.41 Acceptable
5.90 166.00 14.67 0.04 0.00 0.06 0.03 10.00 14.67 116.56 0.54 Acceptable
6.15 171.86 14.67 0.07 0.00 0.06 0.03 10.00 14.67 117.77 0.56 Solved
6.55 177.72 14.67 0.09 0.00 0.05 0.02 10.00 14.67 118.52 0.50 Acceptable
7.09 183.56 14.67 0.11 0.00 0.04 0.02 10.00 14.67 118.68 0.52 Acceptable
