32.00 2.00 14.67 0.00 0.00 0.00 0.00 -0.00 14.67 519.84 4.37 Solved
32.00 9.33 14.67 0.00 -0.00 0.00 0.00 -0.00 14.67 486.94 6.76 Solved
32.00 16.67 14.67 0.00 0.00 0.00 0.00 -0.00 14.67 455.11 6.57 Solved
32.00 24.00 14.67 0.00 -0.00 0.00 0.00 -0.00 14.67 424.36 10.25 Solved
32.00 31.33 14.67 0.00 -0.00 0.00 0.00 -0.00 14.67 394.68 11.27 Solved
32.00 38.67 14.67 0.00 0.00 0.00 0.00 -0.00 14.67 366.08 9.67 Solved
32.00 46.00 14.67 0.00 0.00 0.00 0.00 -0.00 14.67 338.56 9.48 Solved
32.00 53.33 14.67 0.00 -0.00 0.00 0.00 -0.00 14.67 312.11 9.29 Solved
32.00 60.67 14.67 0.00 0.00 -0.00 -0.00 -0.00 14.67 286.74 12.78 Solved
32.00 68.00 14.67 0.00 -0.00 0.00 0.00 -0.00 14.67 262.44 24.53 Solved
32.00 75.33 14.67 0.00 -0.00 -0.17 -0.08 22.34 14.67 239.46 24.22 Solved
32.00 82.67 14.66 -0.08 -0.00 -0.14 -0.06 23.96 14.67 240.65 24.60 Solved
31.38 89.97 14.66 -0.16 0.00 -0.11 -0.05 25.83 14.67 280.34 27.03 Solved
30.24 97.22 14.66 -0.21 0.00 -0.09 -0.04 27.98 14.67 344.66 29.22 Solved
28.69 104.38 14.66 -0.26 0.00 -0.06 -0.03 30.49 14.67 420.59 31.26 Solved
26.83 111.47 14.66 -0.29 0.00 -0.06 -0.03 40.43 14.67 496.42 32.62 Solved
24.77 118.51 14.67 -0.32 0.00 -0.05 -0.02 44.41 14.67 600.69 30.97 Solved
22.49 125.48 14.67 -0.34 0.00 -0.04 -0.02 49.04 14.67 722.87 33.77 Solved
20.03 132.39 14.67 -0.36 0.00 -0.03 -0.01 54.43 14.67 864.24 29.16 Solved
17.44 139.25 14.67 -0.38 0.00 -0.02 -0.01 60.65 14.67 1027.09 27.07 Solved
14.74 146.07 14.67 -0.39 0.00 -0.01 -0.00 67.74 14.67 1215.04 23.63 Solved
11.98 152.86 14.67 -0.39 0.00 -0.00 -0.00 75.61 14.67 1433.39 15.33 Solved
9.17 159.64 14.67 -0.39 0.00 -0.00 -0.00 84.08 14.67 1689.55 15.18 Solved
6.37 166.41 14.67 -0.39 -0.01 0.32 0.15 30.00 14.66 2020.91 10.93 Solved
3.57 173.19 14.66 -0.23 -0.01 0.33 0.15 30.00 14.66 1624.37 8.37 Solved
1.90 180.33 14.66 -0.07 -0.00 0.34 0.16 30.00 14.66 1264.09 7.72 Solved
1.41 187.64 14.66 0.10 -0.01 0.38 0.17 30.00 14.66 920.69 8.20 Solved
