0.00 10.00 14.67 0.00 -0.00 0.00 0.00 0.00 14.67 676.00 0.16 Solved
0.00 17.33 14.67 0.00 0.00 0.00 0.00 0.00 14.67 638.40 0.10 Solved
0.00 24.67 14.67 0.00 0.00 0.00 0.00 0.00 14.67 601.88 0.11 Solved
0.00 32.00 14.67 0.00 -0.02 -0.00 -0.00 9.66 14.68 566.45 2.33 Max-Iter
0.00 39.33 14.66 -0.00 -1.57 0.01 0.00 -30.00 13.07 558.57 2.28 Max-Iter
-0.00 46.66 13.88 0.01 -2.00 0.09 0.00 -30.00 11.73 680.91 1.65 Solved
0.04 53.60 12.88 0.05 1.40 0.33 0.00 -30.00 15.15 1144.27 2.27 Max-Iter
0.36 60.03 13.57 0.21 0.91 0.18 0.00 -30.00 14.72 955.34 2.31 Max-Iter
1.79 66.66 14.03 0.31 0.34 0.07 0.00 -30.00 14.53 977.09 2.32 Max-Iter
3.90 73.36 14.20 0.34 -0.04 -0.02 -0.00 -30.00 14.47 1005.30 2.32 Max-Iter
6.27 80.05 14.18 0.33 -0.13 -0.09 -0.00 -30.00 14.47 964.49 2.28 Max-Iter
8.57 86.76 14.12 0.29 0.16 -0.12 -0.00 -30.00 14.49 844.86 2.27 Max-Iter
10.57 93.53 14.20 0.23 0.15 -0.11 -0.00 -30.00 14.53 685.34 2.31 Max-Iter
12.17 100.44 14.27 0.17 0.14 -0.09 -0.00 -30.00 14.56 561.10 2.34 Max-Iter
13.39 107.47 14.34 0.13 0.12 -0.08 -0.00 -30.00 14.58 465.49 2.28 Max-Iter
14.30 114.59 14.41 0.09 0.08 -0.07 -0.00 -30.00 14.63 389.12 2.25 Max-Iter
14.92 121.76 14.45 0.05 0.09 -0.06 -0.00 -30.00 14.61 328.88 2.30 Max-Iter
15.29 128.98 14.49 0.02 0.07 -0.05 -0.00 -30.00 14.62 279.34 2.30 Max-Iter
15.45 136.22 14.52 -0.00 0.06 -0.05 -0.00 -30.00 14.63 238.38 2.21 Max-Iter
15.42 143.48 14.55 -0.03 0.05 -0.04 -0.00 -30.00 14.64 204.05 2.30 Max-Iter
15.23 150.76 14.57 -0.05 0.04 -0.03 -0.00 -30.00 14.64 174.86 2.30 Max-Iter
14.89 158.04 14.59 -0.06 0.03 -0.03 -0.00 -30.00 14.65 149.78 2.25 Max-Iter
14.43 165.32 14.61 -0.08 0.02 -0.03 -0.00 -30.00 14.65 127.84 2.25 Max-Iter
13.85 172.60 14.62 -0.09 0.02 -0.02 -0.00 -30.00 14.65 108.57 0.69 Max-Iter
13.18 179.88 14.63 -0.10 0.02 -0.02 -0.00 -30.00 14.66 91.51 0.71 Max-Iter
12.43 187.15 14.64 -0.11 0.01 -0.02 -0.00 -30.00 14.66 76.50 0.74 Max-Iter
11.60 194.42 14.64 -0.12 0.01 -0.02 -0.00 -30.00 14.66 63.02 0.72 Max-Iter
10.71 201.69 14.65 -0.13 0.01 -0.02 -0.00 -30.00 14.66 51.06 0.67 Max-Iter
9.75 208.95 14.65 -0.14 0.01 -0.01 -0.00 -30.00 14.66 40.51 0.66 Max-Iter
8.74 216.20 14.65 -0.15 0.00 -0.01 -0.00 -30.00 14.66 31.28 0.72 Max-Iter
