32.00 2.00 14.67 0.00 -0.00 0.07 0.03 -8.58 14.67 519.88 9.33 Solved
32.00 9.33 14.67 0.04 -0.00 0.06 0.03 -8.95 14.67 491.22 12.66 Solved
32.26 16.66 14.67 0.07 -0.00 0.13 0.06 -20.14 14.67 470.19 11.13 Solved
32.75 23.98 14.67 0.13 -0.00 0.10 0.05 -21.06 14.67 482.03 10.60 Solved
33.69 31.25 14.67 0.18 0.00 0.08 0.04 -22.07 14.67 513.17 12.68 Solved
35.01 38.46 14.67 0.22 0.00 0.06 0.03 -23.17 14.67 554.56 11.11 Solved
36.64 45.61 14.67 0.26 0.00 0.04 0.02 -24.39 14.67 597.94 12.63 Solved
38.49 52.71 14.67 0.28 0.00 0.02 0.01 -25.72 14.67 636.02 16.09 Solved
40.49 59.76 14.67 0.29 0.00 0.00 0.00 -27.21 14.67 662.68 15.37 Solved
42.56 66.80 14.67 0.29 0.00 -0.00 -0.00 -28.85 14.67 673.09 29.96 Solved
44.64 73.83 14.67 0.29 0.00 -0.00 -0.00 -30.00 14.67 689.15 32.68 Solved
46.71 80.86 14.67 0.29 -0.00 -0.01 -0.01 -30.00 14.67 707.51 35.52 Solved
48.77 87.90 14.67 0.28 -0.00 -0.02 -0.01 -30.00 14.67 720.64 35.66 Solved
50.79 94.95 14.67 0.27 -0.00 -0.03 -0.01 -30.00 14.67 728.60 33.56 Solved
52.74 102.02 14.67 0.25 -0.00 -0.04 -0.02 -30.00 14.67 731.55 35.92 Solved
54.58 109.12 14.67 0.24 -0.00 -0.04 -0.02 -30.00 14.67 729.59 26.16 Solved
56.29 116.25 14.67 0.21 -0.00 -0.05 -0.02 -30.00 14.67 722.78 23.38 Solved
57.83 123.42 14.67 0.19 -0.00 -0.06 -0.03 -30.00 14.67 711.08 17.22 Solved
59.19 130.63 14.67 0.16 -0.00 -0.07 -0.03 -30.00 14.67 694.32 15.47 Solved
60.33 137.87 14.67 0.12 -0.00 -0.08 -0.04 -30.00 14.67 672.11 11.27 Solved
61.22 145.15 14.67 0.08 -0.00 -0.09 -0.04 -30.00 14.67 643.81 10.61 Solved
61.83 152.46 14.67 0.04 -0.00 -0.10 -0.05 -30.00 14.67 608.41 11.49 Solved
62.11 159.78 14.67 -0.01 -0.00 -0.12 -0.05 -30.00 14.67 564.43 10.86 Solved
62.01 167.12 14.66 -0.07 -0.00 -0.14 -0.06 -30.00 14.67 509.70 8.14 Solved
61.50 174.43 14.66 -0.14 -0.00 -0.16 -0.07 -30.00 14.67 441.12 3.20 Solved
60.49 181.69 14.66 -0.22 -0.00 -0.20 -0.09 -30.00 14.67 354.53 3.09 Solved
58.89 188.85 14.66 -0.32 -0.08 -0.45 -0.20 81.65 14.64 248.59 18.51 Max-Iter
56.59 195.81 14.62 -0.54 -2.69 -0.23 -0.10 -103.44 13.37 120.94 18.41 Max-Iter
52.82 202.07 13.27 -0.65 -5.50 -0.52 -0.21 25.76 11.27 380.70 5.48 Max-Iter
