32.00 2.00 14.67 0.00 0.00 0.00 0.00 -0.00 14.67 519.84 1.85 Solved
32.00 9.33 14.67 0.00 -0.00 0.00 0.00 -0.00 14.67 486.94 3.95 Solved
32.00 16.67 14.67 0.00 0.00 0.00 0.00 -0.00 14.67 455.11 3.97 Solved
32.00 24.00 14.67 0.00 -0.00 0.00 0.00 -0.00 14.67 424.36 3.62 Solved
32.00 31.33 14.67 0.00 0.00 0.00 0.00 -0.00 14.67 394.68 3.75 Solved
32.00 38.67 14.67 0.00 -0.00 0.00 0.00 -0.00 14.67 366.08 3.82 Solved
32.00 46.00 14.67 0.00 -0.00 -0.00 -0.00 -0.00 14.67 338.56 5.66 Solved
32.00 53.33 14.67 0.00 0.00 -0.00 -0.00 -0.00 14.67 312.11 13.14 Solved
32.00 60.67 14.67 0.00 0.00 -0.00 -0.00 0.00 14.67 286.74 14.00 Solved
32.00 68.00 14.67 0.00 -0.00 -0.00 -0.00 0.00 14.67 262.44 24.71 Solved
32.00 75.33 14.67 -0.00 -0.01 -0.07 -0.03 9.01 14.66 239.26 29.40 Solved
32.00 82.67 14.66 -0.03 0.00 -0.15 -0.07 22.48 14.67 220.86 24.91 Solved
31.76 89.99 14.66 -0.11 0.00 -0.12 -0.06 24.25 14.67 234.93 22.82 Solved
30.97 97.28 14.67 -0.17 0.00 -0.10 -0.04 26.29 14.67 278.22 23.47 Solved
29.74 104.51 14.67 -0.22 0.00 -0.07 -0.03 28.69 14.67 340.06 22.54 Solved
28.16 111.67 14.67 -0.25 0.00 -0.05 -0.02 31.51 14.67 410.91 35.36 Solved
26.31 118.77 14.67 -0.28 0.00 -0.02 -0.01 34.88 14.67 482.48 43.70 Solved
24.29 125.82 14.67 -0.29 -0.00 0.00 0.00 38.93 14.67 547.69 35.97 Solved
22.18 132.84 14.67 -0.29 -0.00 0.00 0.00 43.83 14.67 600.71 30.77 Solved
20.07 139.87 14.67 -0.29 -0.00 0.00 0.00 49.79 14.67 670.59 31.19 Solved
17.96 146.89 14.67 -0.29 -0.00 0.00 0.00 57.02 14.67 762.47 29.30 Solved
15.86 153.91 14.67 -0.29 -0.00 -0.00 -0.00 65.65 14.67 883.54 21.24 Solved
13.75 160.94 14.67 -0.29 -0.00 -0.00 -0.00 75.63 14.67 1044.13 22.66 Solved
11.64 167.96 14.67 -0.29 -0.00 -0.00 -0.00 86.58 14.67 1259.18 25.21 Solved
9.53 174.99 14.67 -0.29 -0.02 0.36 0.16 30.00 14.66 1552.19 15.66 Solved
7.42 182.01 14.66 -0.11 -0.01 0.38 0.18 30.00 14.66 1161.83 8.05 Solved
6.59 189.29 14.65 0.08 -0.41 -0.02 -0.01 -30.20 15.01 782.63 98.06 Max-Iter
