32.00 2.00 14.67 0.00 -0.03 0.42 0.19 -54.31 14.66 521.59 6.42 Solved
32.00 9.33 14.65 0.21 0.02 0.00 0.00 -16.18 14.67 632.58 14.68 Solved
33.53 16.50 14.66 0.21 -0.00 0.08 0.03 -31.72 14.66 614.80 17.12 Solved
35.08 23.66 14.66 0.25 -0.00 0.08 0.04 -33.10 14.67 657.58 14.59 Solved
36.90 30.77 14.66 0.29 -0.00 0.08 0.04 -34.60 14.67 721.13 17.08 Solved
38.99 37.79 14.66 0.33 0.00 0.08 0.04 -36.21 14.67 807.63 26.92 Solved
41.36 44.73 14.66 0.37 0.00 0.08 0.04 -37.96 14.67 919.09 27.72 Solved
44.00 51.57 14.66 0.41 0.00 0.08 0.03 -39.86 14.67 1057.27 26.41 Solved
46.90 58.30 14.66 0.44 0.01 -0.00 -0.00 -41.92 14.67 1223.70 27.04 Solved
50.05 64.92 14.66 0.44 0.00 -0.00 -0.00 -44.16 14.67 1282.12 26.09 Solved
53.21 71.54 14.67 0.44 0.00 -0.00 -0.00 -46.59 14.67 1351.53 30.29 Solved
56.36 78.16 14.67 0.44 0.00 0.00 0.00 -49.24 14.67 1433.46 31.74 Solved
59.52 84.78 14.67 0.44 0.00 0.00 0.00 -52.12 14.67 1529.74 36.98 Solved
62.67 91.40 14.67 0.44 -0.00 -0.12 -0.06 -30.00 14.67 1642.78 36.90 Solved
65.83 98.02 14.67 0.38 -0.00 -0.12 -0.05 -30.00 14.67 1504.25 31.12 Solved
68.56 104.82 14.67 0.32 -0.00 -0.11 -0.05 -30.00 14.67 1384.50 25.94 Solved
70.90 111.77 14.67 0.27 -0.00 -0.11 -0.05 -30.00 14.67 1279.66 31.94 Solved
72.84 118.84 14.67 0.21 -0.00 -0.11 -0.05 -30.00 14.67 1186.51 21.74 Solved
74.38 126.01 14.67 0.16 -0.00 -0.11 -0.05 -30.00 14.67 1102.40 20.39 Solved
75.54 133.25 14.67 0.10 -0.00 -0.11 -0.05 -30.00 14.67 1024.98 7.43 Solved
76.30 140.55 14.67 0.05 -0.00 -0.11 -0.05 -30.00 14.67 952.14 8.35 Solved
76.67 147.87 14.67 -0.01 -0.00 -0.12 -0.05 -30.00 14.67 881.87 8.09 Solved
76.62 155.20 14.67 -0.06 -0.00 -0.12 -0.06 -30.00 14.67 812.11 8.23 Solved
76.15 162.52 14.66 -0.13 -0.00 -0.13 -0.06 -30.00 14.67 740.62 5.38 Solved
75.23 169.79 14.66 -0.19 -0.00 -0.14 -0.07 -30.00 14.67 664.77 3.02 Solved
73.83 176.99 14.66 -0.26 -0.00 -0.16 -0.07 -30.00 14.67 581.31 3.04 Solved
71.92 184.07 14.66 -0.35 -0.00 -0.19 -0.09 -30.00 14.67 486.08 1.63 Solved
69.43 190.97 14.66 -0.44 -0.00 -0.23 -0.11 -30.00 14.66 373.91 1.42 Solved
