14.00 2.00 14.67 0.00 -0.00 0.00 0.00 0.00 14.67 519.84 0.17 Solved
14.00 9.33 14.67 0.00 0.00 0.00 0.00 0.00 14.67 486.94 0.12 Solved
14.00 16.67 14.67 0.00 0.00 0.00 0.00 0.00 14.67 455.11 0.10 Solved
14.00 24.00 14.67 0.00 0.00 0.00 0.00 0.00 14.67 424.36 0.10 Solved
14.00 31.33 14.67 0.00 -0.00 -0.00 -0.00 -0.00 14.67 394.68 1.59 Solved
14.00 38.67 14.67 -0.00 -0.00 -0.02 -0.01 1.90 14.67 366.09 1.32 Solved
14.00 46.00 14.67 -0.01 -0.00 -0.09 -0.04 11.74 14.67 338.82 1.48 Solved
13.94 53.33 14.67 -0.05 0.00 -0.07 -0.03 12.42 14.67 321.29 3.50 Solved
13.56 60.66 14.67 -0.09 0.00 -0.06 -0.03 13.18 14.67 314.83 5.69 Solved
12.90 67.96 14.67 -0.12 0.00 -0.04 -0.02 14.04 14.67 315.13 5.54 Solved
12.03 75.24 14.67 -0.14 0.00 -0.03 -0.01 15.02 14.67 318.36 18.36 Solved
10.99 82.50 14.67 -0.16 -0.04 -0.23 -0.11 51.41 14.66 321.83 17.96 Solved
9.84 89.74 14.65 -0.27 -2.00 -0.47 -0.21 -44.24 11.98 664.68 36.23 Solved
7.85 96.79 13.65 -0.51 -0.73 0.52 0.22 93.11 17.60 1272.00 48.33 Infeasible
4.54 102.75 13.28 -0.25 2.00 -0.50 -0.21 11.35 17.60 603.17 90.09 Infeasible
2.92 109.20 14.28 -0.50 2.00 0.52 0.23 9.63 17.60 1401.68 45.94 Infeasible
