32.00 2.00 14.67 0.00 -0.00 -0.00 -0.00 0.00 14.67 519.84 2.16 Solved
32.00 9.33 14.67 -0.00 0.00 -0.00 -0.00 0.00 14.67 486.94 2.05 Solved
32.00 16.67 14.67 -0.00 -0.00 -0.00 -0.00 0.00 14.67 455.11 1.83 Solved
32.00 24.00 14.67 -0.00 -0.00 -0.00 -0.00 0.00 14.67 424.36 1.82 Solved
32.00 31.33 14.67 -0.00 0.00 -0.00 -0.00 0.00 14.67 394.68 3.71 Solved
32.00 38.67 14.67 -0.00 -0.00 -0.05 -0.02 5.93 14.67 366.10 7.40 Solved
32.00 46.00 14.67 -0.02 -0.00 -0.04 -0.02 6.25 14.67 340.47 17.52 Solved
31.82 53.33 14.67 -0.04 -0.00 -0.03 -0.01 6.62 14.67 318.80 12.12 Solved
31.50 60.66 14.67 -0.06 0.00 -0.02 -0.01 7.03 14.67 299.86 12.75 Solved
31.06 67.98 14.67 -0.07 0.00 -0.02 -0.01 7.49 14.67 282.53 11.06 Solved
30.53 75.29 14.67 -0.08 0.00 -0.01 -0.00 8.02 14.67 265.86 12.08 Solved
29.94 82.60 14.67 -0.08 0.00 -0.00 -0.00 8.63 14.67 249.04 10.96 Solved
29.32 89.91 14.67 -0.08 0.00 0.00 0.00 9.33 14.67 231.46 16.27 Solved
28.71 97.21 14.67 -0.08 0.00 -0.00 -0.00 10.16 14.67 215.54 24.25 Solved
28.09 104.52 14.67 -0.08 0.00 0.00 0.00 11.16 14.67 201.41 39.96 Solved
27.47 111.83 14.67 -0.08 -0.00 -0.07 -0.03 23.30 14.67 189.29 34.01 Solved
26.85 119.14 14.67 -0.12 0.00 -0.09 -0.04 30.28 14.67 215.95 29.93 Solved
25.96 126.41 14.67 -0.16 0.00 -0.07 -0.03 34.03 14.67 270.39 29.40 Solved
24.76 133.65 14.67 -0.20 0.00 -0.06 -0.03 38.67 14.67 341.41 33.98 Solved
23.31 140.84 14.67 -0.23 0.00 -0.04 -0.02 44.48 14.67 427.89 27.27 Solved
21.65 147.98 14.67 -0.25 0.00 -0.03 -0.01 51.80 14.67 529.90 32.36 Solved
19.84 155.09 14.67 -0.26 -0.00 -0.01 -0.01 60.95 14.67 649.05 33.44 Solved
17.93 162.17 14.67 -0.27 -0.00 0.00 0.00 72.04 14.67 789.03 19.08 Solved
15.97 169.23 14.67 -0.27 -0.00 -0.00 -0.00 84.71 14.67 956.49 14.84 Solved
14.01 176.30 14.67 -0.27 -0.02 0.35 0.16 30.00 14.66 1191.31 10.92 Solved
12.05 183.37 14.66 -0.09 -0.01 0.40 0.18 30.00 14.66 845.27 11.60 Solved
