32.00 2.00 14.67 0.00 -0.01 0.16 0.07 -19.04 14.66 520.05 6.64 Solved
32.00 9.33 14.66 0.08 0.01 0.17 0.08 -25.39 14.67 507.00 9.62 Solved
32.57 16.64 14.67 0.16 0.00 0.14 0.06 -26.48 14.67 543.25 8.30 Solved
33.74 23.88 14.67 0.23 0.00 0.11 0.05 -27.66 14.67 611.75 17.44 Solved
35.42 31.02 14.67 0.29 0.00 0.08 0.04 -29.43 14.67 696.15 16.18 Solved
37.48 38.06 14.67 0.33 0.00 0.06 0.03 -30.85 14.67 780.05 16.47 Solved
39.82 45.01 14.67 0.35 -0.00 0.03 0.01 -32.39 14.67 856.46 17.16 Solved
42.36 51.89 14.67 0.37 -0.00 0.01 0.00 -34.08 14.67 916.50 13.99 Solved
45.01 58.73 14.67 0.37 -0.00 0.00 0.00 -35.92 14.67 953.05 21.28 Solved
47.67 65.56 14.67 0.37 -0.00 0.00 0.00 -37.95 14.67 995.07 21.95 Solved
50.35 72.39 14.67 0.38 0.00 0.00 0.00 -40.18 14.67 1043.17 20.43 Solved
53.04 79.21 14.67 0.38 0.00 -0.00 -0.00 -42.63 14.67 1098.09 20.94 Solved
55.72 86.03 14.67 0.38 0.00 0.00 0.00 -45.34 14.67 1164.49 27.76 Solved
58.41 92.86 14.67 0.38 -0.00 -0.09 -0.04 -30.00 14.67 1244.36 28.83 Solved
61.10 99.68 14.67 0.33 -0.00 -0.09 -0.04 -30.00 14.67 1172.06 24.66 Solved
63.48 106.62 14.67 0.29 -0.00 -0.09 -0.04 -30.00 14.67 1106.20 31.99 Solved
65.55 113.65 14.67 0.24 -0.00 -0.09 -0.04 -30.00 14.67 1045.28 21.21 Solved
67.31 120.77 14.67 0.20 -0.00 -0.09 -0.04 -30.00 14.67 987.98 15.63 Solved
68.75 127.96 14.67 0.15 -0.00 -0.09 -0.04 -30.00 14.67 933.05 11.51 Solved
69.87 135.21 14.67 0.11 -0.00 -0.10 -0.04 -30.00 14.67 879.25 11.09 Solved
70.64 142.50 14.67 0.06 -0.00 -0.10 -0.05 -30.00 14.67 825.29 12.05 Solved
71.06 149.82 14.67 0.01 0.00 0.00 0.00 -54.03 14.67 769.57 9.33 Solved
71.10 157.15 14.67 0.01 0.00 0.00 0.00 -61.64 14.67 881.63 5.65 Solved
71.13 164.49 14.67 0.01 0.00 0.00 0.00 -70.50 14.67 1028.41 5.60 Solved
71.17 171.82 14.67 0.01 0.00 -0.00 -0.00 -80.44 14.67 1222.09 5.77 Solved
71.21 179.15 14.67 0.01 -0.01 -0.31 -0.14 -30.00 14.66 1481.42 5.32 Solved
71.25 186.48 14.66 -0.15 -0.01 -0.33 -0.15 -30.00 14.66 1157.56 6.21 Solved
70.16 193.73 14.66 -0.31 -0.01 -0.36 -0.16 -30.00 14.66 846.39 2.95 Solved
