14.00 2.00 14.67 0.00 0.00 0.00 0.00 0.00 14.67 0.52 0.44 Solved
14.47 8.64 14.33 0.00 0.42 0.00 0.00 -0.37 14.66 0.86 0.57 Solved
13.99 15.76 14.63 -0.00 0.05 -0.00 -0.00 0.28 14.67 0.46 0.49 Solved
13.30 23.17 15.15 -0.01 -0.59 -0.00 -0.00 0.91 14.67 1.18 0.51 Solved
13.06 31.57 14.57 -0.01 0.12 0.00 0.00 1.33 14.67 0.42 0.33 Solved
14.16 38.09 15.03 -0.03 -0.45 0.00 0.00 2.19 14.67 0.79 0.34 Solved
13.62 46.35 15.42 -0.04 -0.93 0.00 0.00 2.99 14.68 2.16 0.33 Solved
13.09 54.09 14.32 -0.03 0.42 -0.00 -0.00 2.88 14.66 0.70 0.32 Solved
13.96 60.57 13.54 -0.03 1.39 0.00 0.00 2.35 14.65 4.36 0.40 Solved
13.68 68.24 14.16 -0.03 0.63 -0.00 -0.00 2.55 14.66 1.10 0.41 Solved
13.36 74.82 14.81 -0.04 -0.18 -0.00 -0.00 3.63 14.67 0.31 1.72 Solved
13.61 82.22 14.97 -0.05 -0.39 -0.19 -0.09 20.79 14.67 0.77 1.37 Solved
12.78 90.60 15.01 -0.13 -0.43 -0.28 -0.13 34.91 14.67 1.12 1.35 Solved
11.87 99.35 14.98 -0.28 -0.38 -0.22 -0.10 39.06 14.67 1.03 1.21 Solved
10.17 106.75 13.63 -0.39 1.29 -0.20 -0.09 44.45 14.66 4.43 1.44 Solved
8.04 113.44 14.10 -0.51 -0.22 -0.42 -0.18 60.21 9.93 99.10 1.12 Infeasible
