   mpciter       cost    Vdot  Chidot       V     Chi V-Terminal  ay [g] delChi [deg]      status_msg    cpuTime

         0        0.5     0.0     0.0    14.7     0.0    14.7     0.00       0.00           Solved        0.4
         1        0.9     0.4     0.0    14.3     0.2    14.7     0.00      -0.37           Solved        0.5
         2        0.5     0.0    -0.0    14.6    -0.2    14.7    -0.00       0.28           Solved        0.3
         3        1.2    -0.6    -0.0    15.1    -0.6    14.7    -0.00       0.91           Solved        0.3
         4        0.4     0.1     0.0    14.6    -0.8    14.7     0.00       1.33           Solved        0.3
         5        0.8    -0.4     0.0    15.0    -1.8    14.7     0.00       2.19           Solved        0.3
         6        2.2    -0.9     0.0    15.4    -2.3    14.7     0.00       2.99           Solved        0.3
         7        0.7     0.4    -0.0    14.3    -2.0    14.7    -0.00       2.88           Solved        0.3
         8        4.4     1.4     0.0    13.5    -1.8    14.7     0.00       2.35           Solved        0.3
         9        1.1     0.6    -0.0    14.2    -1.9    14.7    -0.00       2.55           Solved        0.2
        10        0.3    -0.2    -0.0    14.8    -2.5    14.7    -0.00       3.63           Solved        1.2
        11        0.8    -0.4   -11.0    15.0    -2.8    14.7    -0.09      20.79           Solved        1.0
        12        1.1    -0.4   -15.9    15.0    -7.7    14.7    -0.13      34.91           Solved        1.2
        13        1.0    -0.4   -12.8    15.0   -16.2    14.7    -0.10      39.06           Solved        1.4
        14        4.4     1.3   -11.7    13.6   -22.6    14.7    -0.09      44.45           Solved        1.4
        15       99.1    -0.2   -24.0    14.1   -29.1     9.9    -0.18      60.21       Infeasible        1.0
        16        2.2     0.0    -0.0    14.7   -41.2    14.7    -0.00      63.01           Solved        1.3
        17        3.1     0.5     0.0    14.3   -41.5    14.7     0.00      67.65           Solved        1.3
        18        3.3     0.0    10.9    14.6   -41.2    14.7     0.09      45.00           Solved        1.0
        19        3.3     0.3    10.3    14.4   -35.8    14.7     0.08      45.00           Solved        1.2
        20        4.8    -0.9    10.2    15.4   -31.1    14.7     0.09      45.00           Solved        1.2
        21        2.8     0.2     9.5    14.5   -26.1    14.7     0.07      45.00           Solved        1.2
        22        2.9    -0.4    10.0    15.0   -22.2    14.7     0.08      45.00           Solved        1.2
        23        4.3    -0.9    10.2    15.4   -17.4    14.7     0.09      45.00           Solved        1.1
        24        8.8    -1.7    11.1    16.1   -12.3    14.7     0.10      45.00           Solved        1.0
        25        2.5    -0.1    11.4    14.8    -7.2    14.7     0.09      45.00           Solved        0.3
        26        2.3    -0.1    11.4    14.7    -0.7    14.7     0.09      45.00           Solved        0.3
        27        2.4    -0.2    12.8    14.8     4.6    14.7     0.10      45.00       Acceptable        0.3
        28        3.1    -0.7    13.9    15.2    11.6    14.7     0.11      45.00           Solved        0.3
        29        4.0    -0.9    16.7    15.4    18.2    14.7     0.14      45.00           Solved        0.3
        30        2.7     0.2    19.6    14.5    26.0    14.7     0.15      45.00           Solved        0.3
        31        6.0     1.3    22.8    13.6    36.9    14.6     0.17      45.00           Solved        0.3
        32       16.0    -1.1    31.6    14.6    48.2    14.1     0.25     -73.48         Max-Iter        4.7
