14.00 2.00 14.67 0.00 -0.00 0.00 0.00 0.00 14.67 519.84 0.19 Solved
14.00 9.33 14.67 0.00 0.00 0.00 0.00 0.00 14.67 486.94 0.10 Solved
14.00 16.67 14.67 0.00 0.00 -0.00 -0.00 0.00 14.67 455.11 1.58 Solved
14.00 24.00 14.67 -0.00 -0.00 -0.02 -0.01 2.73 14.67 424.36 1.37 Solved
14.00 31.33 14.67 -0.01 0.00 -0.09 -0.04 11.56 14.67 395.16 1.57 Solved
13.92 38.67 14.67 -0.06 0.00 -0.07 -0.03 12.15 14.67 376.23 3.74 Solved
13.51 45.99 14.67 -0.09 -0.06 -0.34 -0.16 48.72 14.77 0.00 1.48 Algorithm-Received
12.84 53.29 14.64 -0.26 0.04 0.00 0.00 21.64 14.67 552.38 3.86 Solved
10.93 60.36 14.66 -0.26 0.01 -0.00 -0.00 22.92 14.67 548.89 13.70 Solved
9.02 67.43 14.66 -0.26 -0.00 -0.16 -0.07 44.46 14.67 549.48 16.37 Solved
7.11 74.51 14.66 -0.34 -0.00 -0.32 -0.15 71.38 14.66 737.08 16.43 Solved
4.64 81.41 14.66 -0.50 0.00 -0.27 -0.12 75.55 14.67 1272.97 18.52 Solved
1.11 87.83 14.66 -0.64 0.00 -0.22 -0.10 78.95 14.67 1943.60 18.44 Solved
-3.25 93.72 14.66 -0.75 0.00 -0.17 -0.08 82.43 14.67 2697.22 18.76 Solved
-8.24 99.10 14.66 -0.83 0.00 -0.12 -0.05 85.96 14.67 3473.75 15.14 Solved
-13.67 104.02 14.66 -0.89 0.00 -0.07 -0.03 89.53 14.67 4213.84 13.52 Solved
-19.39 108.61 14.67 -0.93 0.00 -0.02 -0.01 90.00 14.67 4862.43 14.26 Solved
-25.26 113.01 14.67 -0.94 -0.00 0.03 0.02 90.00 14.67 5371.99 13.96 Solved
-31.17 117.35 14.67 -0.92 -0.01 0.35 0.16 30.00 14.67 5714.24 15.03 Solved
-37.01 121.79 14.66 -0.74 -0.00 0.32 0.15 30.00 14.67 4753.73 16.67 Solved
-41.98 127.18 14.66 -0.58 -0.00 0.29 0.13 30.00 14.67 3984.68 12.64 Solved
-46.02 133.30 14.66 -0.44 0.00 0.27 0.12 30.00 14.67 3365.23 8.25 Solved
-49.12 139.94 14.66 -0.30 0.00 0.25 0.11 30.00 14.67 2862.73 5.46 Solved
-51.30 146.94 14.66 -0.18 0.00 0.23 0.11 30.00 14.67 2451.65 5.54 Solved
-52.60 154.15 14.66 -0.06 0.00 0.22 0.10 30.00 14.67 2111.88 5.48 Solved
-53.05 161.47 14.66 0.05 0.00 0.21 0.09 30.00 14.67 1827.51 5.60 Solved
-52.70 168.79 14.66 0.15 -0.00 0.20 0.09 30.00 14.67 1585.77 2.92 Solved
-51.60 176.04 14.66 0.25 -0.00 0.20 0.09 30.00 14.67 1376.18 3.06 Solved
-49.77 183.14 14.66 0.35 -0.00 0.20 0.09 30.00 14.67 1189.90 1.39 Solved
-47.24 190.03 14.66 0.45 -0.00 0.20 0.09 30.00 14.67 1019.05 1.43 Solved
-44.05 196.63 14.66 0.55 -0.00 0.22 0.10 30.00 14.67 856.18 0.23 Solved
-40.21 202.87 14.66 0.66 -0.00 0.24 0.11 30.00 14.66 693.58 0.24 Solved
-35.72 208.66 14.66 0.78 -3.32 0.19 0.09 30.00 11.98 545.95 0.40 Solved
-30.57 213.88 13.00 0.87 -4.00 0.14 0.05 30.00 9.30 475.40 0.35 Solved
-25.60 218.07 11.00 0.94 -4.00 0.09 0.03 30.00 6.61 459.02 0.31 Solved
-21.16 221.31 9.00 0.98 -4.00 0.04 0.01 30.00 3.92 496.09 0.34 Solved
-17.41 223.81 7.00 1.00 -4.00 0.01 0.00 30.00 1.24 587.07 0.34 Solved
-14.46 225.69 5.00 1.01 -4.00 0.00 0.00 26.12 0.00 736.60 0.31 Solved
-12.35 227.03 3.00 1.01 -4.00 0.00 0.00 23.45 0.00 951.26 0.28 Solved
-11.08 227.83 1.00 1.01 -4.00 -0.00 -0.00 21.86 -0.00 1257.50 0.19 Solved
-10.66 228.09 -1.00 1.01 -4.00 0.00 -0.00 20.27 -0.00 1670.70 0.22 Solved
