32.00 2.00 14.67 0.00 0.00 -0.00 -0.00 0.00 14.67 519.84 2.20 Solved
32.00 9.33 14.67 -0.00 -0.00 -0.00 -0.00 0.00 14.67 486.94 2.01 Solved
32.00 16.67 14.67 -0.00 0.00 -0.00 -0.00 0.00 14.67 455.11 3.48 Solved
32.00 24.00 14.67 -0.00 -0.00 -0.00 -0.00 0.00 14.67 424.36 3.34 Solved
32.00 31.33 14.67 -0.00 0.00 -0.00 -0.00 0.00 14.67 394.68 3.73 Solved
32.00 38.67 14.67 -0.00 -0.00 0.00 0.00 0.00 14.67 366.08 3.54 Solved
32.00 46.00 14.67 -0.00 0.00 -0.00 -0.00 -0.00 14.67 338.56 6.16 Solved
32.00 53.33 14.67 -0.00 -0.00 0.00 0.00 0.00 14.67 312.11 9.74 Solved
32.00 60.67 14.67 -0.00 -0.00 0.00 0.00 -0.32 14.67 286.74 9.39 Solved
32.00 68.00 14.67 0.00 -0.00 0.12 0.05 -15.07 14.67 262.56 13.32 Solved
32.01 75.33 14.67 0.06 -0.03 0.26 0.12 -43.23 14.66 251.51 12.88 Solved
32.44 82.65 14.65 0.19 0.02 0.30 0.14 -55.20 14.67 341.71 29.69 Solved
33.84 89.85 14.66 0.34 0.01 -0.20 -0.09 -16.81 14.67 612.72 35.93 Solved
36.30 96.75 14.66 0.24 -0.07 -0.20 -0.09 -30.85 14.64 428.16 26.64 Solved
38.07 103.87 14.63 0.15 0.05 -0.14 -0.06 -52.86 14.67 283.59 31.41 Solved
39.13 111.10 14.65 0.07 0.02 0.05 0.02 -57.20 14.67 202.40 82.35 Solved
39.68 118.41 14.66 0.10 -0.00 0.24 0.11 -68.91 14.67 219.64 79.04 Solved
40.41 125.70 14.66 0.22 1.36 -0.27 -0.12 84.98 17.60 538.91 86.38 Infeasible
