32.00 2.00 14.67 0.00 -0.01 0.07 0.03 -8.45 14.66 519.88 10.97 Solved
32.00 9.33 14.66 0.03 -1.13 -0.52 -0.24 -48.57 14.31 504.49 9.88 Solved
32.24 16.66 14.10 -0.23 0.68 0.06 0.03 -0.50 14.66 626.00 13.70 Solved
30.65 23.52 14.44 -0.20 0.27 0.08 0.03 -1.23 14.67 564.35 15.85 Solved
29.23 30.60 14.57 -0.16 0.10 0.09 0.04 -1.29 14.67 496.66 13.96 Solved
28.07 37.79 14.62 -0.12 0.04 0.10 0.04 -1.36 14.67 430.13 14.75 Solved
27.23 45.06 14.64 -0.07 0.02 0.11 0.05 -1.44 14.67 370.11 15.09 Solved
26.74 52.36 14.65 -0.01 0.01 0.11 0.05 -1.52 14.67 321.99 18.53 Solved
26.64 59.69 14.66 0.04 0.01 0.02 0.01 -1.61 14.67 290.66 20.02 Solved
26.95 67.01 14.66 0.05 0.00 -0.00 -0.00 -1.72 14.67 267.29 23.26 Solved
27.32 74.34 14.67 0.05 0.00 0.00 0.00 -1.84 14.67 244.05 32.40 Solved
27.70 81.66 14.67 0.05 0.00 0.01 0.00 -3.22 14.67 221.91 30.00 Solved
28.08 88.98 14.67 0.06 0.00 0.01 0.00 -3.48 14.67 201.66 27.62 Solved
28.49 96.31 14.67 0.06 0.00 0.01 0.00 -3.79 14.67 182.63 28.67 Solved
28.93 103.63 14.67 0.06 0.00 0.00 0.00 -4.16 14.67 164.77 33.82 Solved
29.40 110.94 14.67 0.07 0.00 0.00 0.00 -4.61 14.67 148.06 33.75 Solved
29.88 118.26 14.67 0.07 0.00 0.00 0.00 -5.16 14.67 132.48 42.98 Solved
30.37 125.58 14.67 0.07 0.00 -0.00 -0.00 -5.87 14.67 118.01 19.99 Solved
30.86 132.90 14.67 0.07 0.00 0.00 0.00 -6.81 14.67 104.65 13.82 Solved
31.36 140.21 14.67 0.07 0.00 0.00 0.00 -8.10 14.67 92.73 12.54 Solved
31.86 147.53 14.67 0.07 0.00 -0.00 -0.00 -9.98 14.67 82.37 12.57 Solved
32.36 154.84 14.67 0.07 0.00 -0.00 -0.00 -12.99 14.67 73.77 8.63 Solved
32.85 162.16 14.67 0.07 0.00 -0.00 -0.00 -18.49 14.67 67.25 9.40 Solved
33.35 169.48 14.67 0.07 -0.00 -0.00 -0.00 -30.00 14.67 63.31 7.85 Solved
33.85 176.79 14.67 0.07 -0.00 -0.07 -0.03 -30.00 14.67 61.82 6.03 Solved
