14.00 2.00 14.67 0.00 -0.29 0.00 0.00 -0.03 14.40 600.66 1.00 Max-Iter
14.01 7.87 14.55 0.00 -0.42 0.00 0.00 -0.12 14.18 574.23 0.93 Max-Iter
14.01 13.69 14.38 0.00 -0.75 0.09 0.00 -5.38 13.67 548.63 0.93 Max-Iter
14.02 19.44 14.08 0.04 -0.69 0.33 0.00 -20.05 13.57 520.26 0.85 Solved
14.24 25.07 13.80 0.17 -0.48 0.37 0.00 -23.58 13.62 484.11 0.94 Max-Iter
15.20 30.50 13.61 0.32 -0.16 0.37 0.00 -24.63 13.79 449.51 0.86 Solved
16.93 35.67 13.55 0.47 0.10 0.34 0.00 -24.76 13.94 418.47 0.87 Solved
19.38 40.50 13.59 0.61 0.24 0.27 0.00 -24.58 14.06 391.76 0.86 Solved
22.48 44.97 13.68 0.71 0.31 0.17 0.00 -24.28 14.17 369.75 0.87 Solved
26.06 49.10 13.80 0.78 0.30 0.04 0.00 -23.96 14.24 352.63 0.90 Solved
29.95 53.02 13.93 0.80 0.28 -0.06 -0.00 -23.46 14.31 340.14 0.95 Max-Iter
33.93 56.92 14.04 0.77 0.25 -0.12 -0.00 -22.91 14.37 330.76 0.96 Max-Iter
37.85 60.94 14.14 0.73 0.22 -0.14 -0.00 -22.28 14.42 323.16 0.94 Max-Iter
41.61 65.17 14.23 0.67 0.19 -0.16 -0.00 -21.63 14.47 316.57 0.93 Max-Iter
45.14 69.63 14.30 0.61 0.16 -0.16 -0.00 -20.96 14.51 310.54 0.95 Max-Iter
48.40 74.33 14.37 0.54 0.14 -0.16 -0.00 -20.28 14.54 304.88 0.94 Max-Iter
51.36 79.26 14.43 0.48 0.12 -0.16 -0.00 -19.61 14.57 299.48 0.95 Max-Iter
54.02 84.38 14.48 0.42 0.11 -0.15 -0.00 -18.94 14.60 294.30 0.95 Max-Iter
56.36 89.68 14.52 0.35 0.09 -0.15 -0.00 -18.28 14.62 289.35 0.94 Max-Iter
58.37 95.12 14.56 0.30 0.08 -0.14 -0.00 -17.63 14.64 284.64 0.94 Max-Iter
60.07 100.69 14.59 0.24 0.07 -0.14 -0.00 -16.99 14.66 280.21 0.95 Max-Iter
61.44 106.36 14.62 0.18 0.06 -0.13 -0.00 -16.37 14.67 276.09 0.95 Max-Iter
62.50 112.11 14.64 0.13 0.06 -0.13 -0.00 -15.77 14.69 272.32 0.95 Max-Iter
63.26 117.92 14.67 0.08 0.05 -0.13 -0.00 -15.18 14.70 268.97 0.95 Max-Iter
63.71 123.77 14.69 0.03 0.04 -0.12 -0.00 -14.61 14.71 266.06 0.93 Max-Iter
63.87 129.65 14.70 -0.02 0.04 -0.12 -0.00 -14.07 14.72 263.66 0.97 Max-Iter
63.74 135.53 14.72 -0.07 0.03 -0.12 -0.00 -13.53 14.73 261.81 0.98 Max-Iter
63.33 141.40 14.73 -0.12 0.03 -0.11 -0.00 -13.01 14.73 260.57 0.95 Max-Iter
62.64 147.25 14.74 -0.16 0.02 -0.11 -0.00 -12.48 14.74 260.00 0.95 Max-Iter
61.69 153.07 14.75 -0.21 0.02 -0.11 -0.00 -11.96 14.74 260.15 0.95 Max-Iter
60.48 158.84 14.76 -0.25 0.01 -0.11 -0.00 -11.42 14.74 261.10 0.95 Max-Iter
59.00 164.56 14.76 -0.30 0.01 -0.11 -0.00 -10.88 14.75 262.93 0.96 Max-Iter
57.27 170.21 14.77 -0.34 -0.16 -0.11 -0.00 -10.28 14.27 265.71 0.96 Max-Iter
55.29 175.77 14.71 -0.39 -0.27 -0.11 -0.00 -9.59 13.90 269.43 0.94 Max-Iter
53.06 181.22 14.60 -0.43 -0.44 -0.12 -0.00 -8.90 13.34 274.19 0.94 Max-Iter
50.61 186.52 14.42 -0.48 -0.64 -0.12 -0.00 -8.09 12.62 280.05 0.98 Max-Iter
47.94 191.63 14.17 -0.53 -0.83 -0.12 -0.00 -7.13 11.83 287.03 0.94 Max-Iter
45.09 196.53 13.83 -0.57 -1.00 -0.12 -0.00 -5.92 11.03 295.12 0.88 Solved
