14.00 2.00 14.67 0.00 -0.00 0.00 0.00 0.00 14.67 519.84 0.20 Max-Iter
14.00 9.33 14.67 0.00 0.00 0.00 0.00 0.00 14.67 486.94 0.20 Max-Iter
14.00 16.67 14.67 0.00 -0.00 0.00 0.00 0.00 14.67 455.11 0.14 Max-Iter
14.00 24.00 14.67 0.00 -0.00 0.00 0.00 0.00 14.67 424.36 0.12 Max-Iter
14.00 31.33 14.67 0.00 0.00 0.00 0.00 0.00 14.67 394.68 0.12 Max-Iter
14.00 38.67 14.67 0.00 -0.41 0.33 0.15 2.25 14.23 1031.23 0.39 Max-Iter
14.00 46.00 14.46 0.16 -0.12 0.27 0.12 -0.48 14.46 1171.26 0.39 Max-Iter
15.18 53.13 14.40 0.30 0.37 0.18 0.08 -2.23 14.86 1220.07 0.40 Max-Iter
17.30 60.01 14.58 0.39 -0.80 0.32 0.15 -0.92 13.64 2219.73 0.79 Max-Iter
20.06 66.77 14.19 0.55 -0.43 0.30 0.13 -4.11 13.65 3012.02 0.77 Max-Iter
23.75 72.82 13.97 0.70 0.03 0.25 0.11 -5.81 13.86 3814.11 0.79 Max-Iter
28.24 78.17 13.99 0.82 0.30 0.07 0.03 -3.47 14.33 4591.58 0.79 Max-Iter
33.38 82.92 14.14 0.86 0.14 -0.05 -0.02 6.59 14.04 5038.89 0.77 Max-Iter
38.74 87.53 14.21 0.83 0.27 -0.12 -0.05 4.93 14.49 5102.47 0.77 Max-Iter
44.00 92.31 14.35 0.78 0.23 -0.14 -0.06 -9.35 14.55 4933.56 0.79 Max-Iter
49.02 97.43 14.46 0.71 0.23 -0.17 -0.08 -8.65 14.63 4690.33 0.78 Max-Iter
53.72 102.92 14.57 0.62 0.16 -0.16 -0.07 -27.96 14.67 4353.06 0.78 Max-Iter
57.97 108.84 14.66 0.54 0.19 -0.18 -0.08 -1.50 14.77 4036.81 0.77 Max-Iter
61.76 115.11 14.75 0.45 0.10 -0.15 -0.07 -5.20 14.70 3768.39 0.76 Max-Iter
65.00 121.74 14.80 0.38 -0.14 -0.31 -0.14 2.35 14.67 3462.02 0.39 Max-Iter
67.74 128.62 14.73 0.23 -0.32 -0.33 -0.15 18.72 14.47 2630.83 0.39 Max-Iter
69.39 135.79 14.57 0.06 0.23 -0.09 -0.04 23.42 14.81 2007.77 0.38 Max-Iter
69.85 143.06 14.69 0.02 -0.05 -0.17 -0.08 -1.97 14.62 1859.99 0.39 Max-Iter
69.97 150.41 14.66 -0.07 0.04 -0.15 -0.07 28.08 14.71 1648.34 0.38 Max-Iter
69.47 157.72 14.68 -0.14 -0.04 -0.16 -0.07 28.59 14.63 1485.61 0.38 Max-Iter
68.43 164.99 14.66 -0.22 -0.02 -0.15 -0.07 -20.82 14.63 1297.00 0.38 Max-Iter
66.82 172.14 14.65 -0.29 -0.03 -0.15 -0.07 0.21 14.62 1165.42 0.38 Max-Iter
64.69 179.15 14.64 -0.37 -0.01 -0.15 -0.07 28.90 14.65 1043.79 0.39 Max-Iter
62.03 185.97 14.63 -0.45 -0.03 -0.16 -0.07 -0.41 14.62 923.07 0.38 Max-Iter
58.86 192.56 14.62 -0.53 -0.07 -0.27 -0.12 -29.97 14.56 783.97 0.12 Max-Iter
