0.00 10.00 14.67 0.00 -0.00 0.00 0.00 0.00 14.67 676.00 0.16 Solved
0.00 17.33 14.67 0.00 0.00 0.00 0.00 0.00 14.67 638.40 0.10 Solved
0.00 24.67 14.67 0.00 0.00 0.00 0.00 0.00 14.67 601.88 0.10 Solved
0.00 32.00 14.67 0.00 -0.02 -0.00 -0.00 9.66 14.68 566.45 1.98 Max-Iter
0.00 39.33 14.66 -0.00 -1.57 0.01 0.00 -30.00 13.07 558.57 1.95 Max-Iter
-0.00 46.66 13.88 0.01 -2.00 0.09 0.00 -30.00 11.73 680.91 1.44 Solved
0.04 53.60 12.88 0.05 1.40 0.33 0.00 -30.00 15.15 1144.27 2.01 Max-Iter
0.36 60.03 13.57 0.21 0.91 0.18 0.00 -30.00 14.72 955.34 2.02 Max-Iter
1.79 66.66 14.03 0.31 0.07 0.03 0.00 -30.00 13.98 1003.38 3.91 Max-Iter
3.90 73.36 14.06 0.32 -1.07 0.05 0.00 -30.00 11.98 1040.11 3.93 Max-Iter
6.10 80.04 13.53 0.34 -2.00 0.12 0.00 -30.00 11.73 1413.77 2.90 Solved
8.36 86.41 12.53 0.40 2.00 0.15 0.00 -30.00 15.11 1821.75 4.00 Max-Iter
10.80 92.18 13.53 0.48 1.68 -0.01 -0.00 -30.00 14.08 1871.14 3.94 Max-Iter
13.90 98.19 14.37 0.47 -0.13 -0.04 -0.00 -29.61 14.37 1780.69 3.90 Max-Iter
17.17 104.59 14.31 0.45 -0.57 -0.14 -0.00 -30.01 14.27 1709.11 4.00 Max-Iter
20.30 111.02 14.02 0.38 -0.13 -0.18 -0.00 -30.01 14.31 1445.61 4.05 Max-Iter
22.90 117.53 13.96 0.29 0.01 -0.17 -0.00 -29.74 14.01 1137.83 3.91 Max-Iter
24.90 124.22 13.96 0.21 -0.11 -0.15 -0.00 -30.00 14.24 883.47 4.01 Max-Iter
26.35 131.05 13.91 0.14 0.28 -0.13 -0.00 -30.00 14.48 688.56 3.97 Max-Iter
27.29 137.93 14.04 0.07 0.22 -0.11 -0.00 -30.00 14.47 534.45 3.91 Max-Iter
27.78 144.94 14.15 0.01 0.14 -0.10 -0.00 -30.00 14.55 418.31 3.92 Max-Iter
27.87 152.01 14.22 -0.04 0.16 -0.09 -0.00 -30.00 14.55 331.37 3.98 Max-Iter
27.62 159.12 14.30 -0.08 -0.02 -0.05 -0.00 -30.00 14.37 273.70 3.97 Max-Iter
27.06 166.25 14.29 -0.11 0.15 -0.07 -0.00 -30.00 14.57 224.45 1.96 Max-Iter
26.30 173.36 14.36 -0.14 0.12 -0.06 -0.00 -30.00 14.59 178.33 1.94 Max-Iter
25.30 180.47 14.42 -0.17 0.09 -0.05 -0.00 -30.00 14.60 141.84 1.98 Max-Iter
24.07 187.57 14.47 -0.20 0.07 -0.05 -0.00 -30.00 14.61 112.65 1.96 Max-Iter
22.66 194.67 14.51 -0.22 0.06 -0.04 -0.00 -30.00 14.62 88.82 1.96 Max-Iter
21.07 201.75 14.54 -0.24 -0.10 -0.03 -0.00 -30.29 14.85 70.68 0.71 Max-Iter
19.33 208.80 14.49 -0.25 0.03 -0.04 -0.00 -30.00 14.62 57.10 0.71 Max-Iter
17.51 215.82 14.50 -0.27 -0.29 -0.04 -0.00 -30.07 14.71 46.41 0.72 Max-Iter
