32.00 2.00 14.67 0.00 0.00 -0.00 -0.00 0.00 14.67 519.84 6.58 Solved
32.00 9.33 14.67 -0.00 -0.00 -0.00 -0.00 0.00 14.67 486.94 6.32 Solved
32.00 16.67 14.67 -0.00 0.00 -0.00 -0.00 0.00 14.67 455.11 10.38 Solved
32.00 24.00 14.67 -0.00 -0.00 -0.00 -0.00 0.00 14.67 424.36 10.30 Solved
32.00 31.33 14.67 -0.00 -0.00 -0.00 -0.00 0.00 14.67 394.68 9.24 Solved
32.00 38.67 14.67 -0.00 0.00 -0.00 -0.00 0.00 14.67 366.08 13.91 Solved
32.00 46.00 14.67 -0.00 -0.00 -0.19 -0.09 24.27 14.67 338.88 15.40 Solved
32.00 53.33 14.66 -0.10 -0.00 -0.16 -0.07 25.62 14.67 343.05 16.13 Solved
31.29 60.63 14.66 -0.18 0.00 -0.13 -0.06 27.12 14.67 396.38 20.15 Solved
29.99 67.85 14.66 -0.24 0.00 -0.10 -0.05 28.79 14.67 479.20 22.47 Solved
28.22 74.96 14.66 -0.29 0.00 -0.07 -0.03 30.65 14.67 573.10 22.72 Solved
26.09 81.98 14.66 -0.33 0.00 -0.03 -0.02 32.74 14.67 661.65 21.58 Solved
23.74 88.92 14.67 -0.34 0.00 -0.00 -0.00 35.11 14.67 730.99 21.16 Solved
21.27 95.83 14.67 -0.34 0.00 -0.00 -0.00 37.78 14.67 770.29 30.70 Solved
18.79 102.73 14.67 -0.34 -0.00 0.05 0.02 30.00 14.67 820.23 40.15 Solved
16.32 109.63 14.67 -0.32 -0.00 0.06 0.03 30.00 14.67 804.47 35.30 Solved
14.03 116.60 14.67 -0.29 0.00 0.00 0.00 43.48 14.67 785.35 43.03 Solved
11.94 123.63 14.67 -0.29 0.00 -0.00 -0.00 47.81 14.67 859.15 30.38 Solved
9.85 130.66 14.67 -0.29 0.00 -0.00 -0.00 52.82 14.67 952.10 18.29 Solved
7.76 137.69 14.67 -0.29 0.00 -0.00 -0.00 58.60 14.67 1069.07 17.66 Solved
5.67 144.72 14.67 -0.29 0.00 0.00 0.00 65.19 14.67 1216.50 17.47 Solved
3.58 151.75 14.67 -0.29 0.00 -0.00 -0.00 72.55 14.67 1402.99 12.76 Solved
1.49 158.78 14.67 -0.29 0.00 0.00 0.00 80.56 14.67 1639.97 12.63 Solved
-0.60 165.80 14.67 -0.29 -0.01 0.30 0.14 30.00 14.66 1943.91 8.46 Solved
-2.69 172.83 14.66 -0.14 -0.00 0.30 0.14 30.00 14.66 1585.49 5.16 Solved
-3.71 180.09 14.66 0.01 -0.00 0.31 0.14 30.00 14.66 1262.60 3.01 Solved
-3.63 187.42 14.66 0.17 -0.00 0.34 0.15 30.00 14.66 958.63 1.56 Solved
-2.42 194.65 14.66 0.33 -0.15 0.37 0.17 -142.60 14.58 657.31 18.52 Max-Iter
