32.00 2.00 14.67 0.00 -0.01 0.12 0.05 -14.73 14.66 519.97 9.36 Solved
32.00 9.33 14.66 0.06 -0.00 0.33 0.15 -44.11 14.67 499.71 9.04 Solved
32.44 16.65 14.66 0.23 0.00 0.28 0.13 -45.82 14.67 626.27 20.47 Solved
34.08 23.80 14.66 0.37 0.00 0.23 0.10 -47.64 14.67 890.89 16.97 Solved
36.71 30.64 14.66 0.48 0.00 0.17 0.08 -49.57 14.67 1230.49 15.06 Solved
40.09 37.14 14.66 0.57 0.00 0.11 0.05 -51.61 14.67 1584.92 16.64 Solved
44.02 43.33 14.67 0.62 0.00 0.06 0.03 -53.78 14.67 1901.00 16.69 Solved
48.30 49.29 14.67 0.65 0.00 0.00 0.00 -56.07 14.67 2135.25 15.93 Solved
52.75 55.12 14.67 0.65 0.00 0.00 0.00 -58.50 14.67 2255.77 15.33 Solved
57.20 60.95 14.67 0.65 -0.00 -0.15 -0.07 -30.00 14.67 2392.10 21.69 Solved
61.65 66.78 14.67 0.57 -0.00 -0.14 -0.06 -30.00 14.67 2143.90 22.79 Solved
65.63 72.93 14.67 0.50 -0.00 -0.13 -0.06 -30.00 14.67 1937.05 19.41 Solved
69.18 79.35 14.67 0.44 0.00 -0.12 -0.06 -30.00 14.67 1763.09 20.40 Solved
72.29 85.99 14.67 0.38 0.00 -0.11 -0.05 -30.00 14.67 1615.37 19.10 Solved
75.00 92.81 14.67 0.32 0.00 -0.11 -0.05 -30.00 14.67 1488.66 20.34 Solved
77.31 99.76 14.67 0.27 0.00 -0.10 -0.05 -30.00 14.67 1378.75 14.54 Solved
79.25 106.84 14.67 0.21 -0.00 -0.10 -0.05 -30.00 14.67 1282.29 21.02 Solved
80.81 114.00 14.67 0.16 -0.00 -0.10 -0.05 -30.00 14.67 1196.48 11.54 Solved
82.01 121.24 14.67 0.11 -0.00 -0.10 -0.05 -30.00 14.67 1119.02 5.92 Solved
82.84 128.52 14.67 0.06 -0.00 -0.10 -0.05 -30.00 14.67 1047.91 5.44 Solved
83.32 135.84 14.67 0.01 -0.00 -0.10 -0.05 -30.00 14.67 981.36 5.10 Solved
83.42 143.17 14.67 -0.04 -0.00 -0.11 -0.05 -30.00 14.67 917.70 5.28 Solved
83.16 150.50 14.67 -0.09 -0.00 -0.11 -0.05 -30.00 14.67 855.28 5.12 Solved
82.51 157.80 14.67 -0.14 -0.00 -0.12 -0.05 -30.00 14.67 792.36 5.04 Solved
81.46 165.06 14.67 -0.20 -0.00 -0.13 -0.06 -30.00 14.67 726.97 3.27 Solved
79.98 172.24 14.66 -0.27 -0.00 -0.14 -0.06 -30.00 14.67 656.74 2.90 Solved
78.06 179.32 14.66 -0.34 -0.00 -0.16 -0.07 -30.00 14.67 578.70 3.12 Solved
75.64 186.24 14.66 -0.41 -0.00 -0.18 -0.08 -30.00 14.67 488.97 2.98 Solved
72.70 192.95 14.66 -0.50 -0.00 -0.22 -0.10 -30.00 14.66 382.63 3.18 Solved
69.15 199.37 14.66 -0.62 -1.39 -0.36 -0.17 28.84 14.21 271.13 18.55 Max-Iter
