32.00 2.00 14.67 0.00 -0.00 0.00 0.00 0.00 14.67 519.84 0.20 Solved
32.00 9.33 14.67 0.00 -0.00 0.00 0.00 0.00 14.67 486.94 0.20 Solved
32.00 16.67 14.67 0.00 -0.00 0.00 0.00 0.00 14.67 455.11 0.19 Solved
32.00 24.00 14.67 0.00 -0.00 0.00 0.00 0.00 14.67 424.36 0.19 Solved
32.00 31.33 14.67 0.00 -0.00 -0.00 -0.00 -0.00 14.67 394.68 1.70 Solved
32.00 38.67 14.67 -0.00 0.00 0.00 0.00 -0.00 14.67 366.08 1.81 Solved
32.00 46.00 14.67 -0.00 -0.00 -0.00 -0.00 0.00 14.67 338.56 3.39 Solved
32.00 53.33 14.67 -0.00 0.00 0.00 0.00 0.00 14.67 312.11 5.87 Solved
32.00 60.67 14.67 -0.00 -0.00 0.00 0.00 0.00 14.67 286.74 6.32 Solved
32.00 68.00 14.67 -0.00 -0.00 0.00 0.00 0.00 14.67 262.44 5.84 Solved
32.00 75.33 14.67 -0.00 0.00 0.00 0.00 0.00 14.67 239.22 6.04 Solved
32.00 82.67 14.67 -0.00 -0.00 -0.00 -0.00 0.00 14.67 217.07 6.33 Solved
32.00 90.00 14.67 -0.00 -0.00 -0.00 -0.00 0.00 14.67 196.00 14.02 Solved
32.00 97.33 14.67 -0.00 0.00 -0.00 -0.00 0.00 14.67 176.00 14.55 Solved
32.00 104.67 14.67 -0.00 0.00 -0.00 -0.00 0.00 14.67 157.08 27.89 Solved
32.00 112.00 14.67 -0.00 -0.00 -0.00 -0.00 0.00 14.67 139.24 51.36 Solved
32.00 119.33 14.67 -0.00 -0.00 -0.16 -0.07 25.45 14.67 122.70 41.15 Solved
32.00 126.67 14.66 -0.08 -0.00 -0.14 -0.06 28.76 14.67 129.14 40.88 Solved
31.40 133.97 14.66 -0.15 -0.00 -0.11 -0.05 32.95 14.67 174.34 40.98 Solved
30.29 141.22 14.66 -0.21 0.00 -0.09 -0.04 38.35 14.67 248.53 42.03 Solved
28.77 148.40 14.66 -0.25 0.00 -0.06 -0.03 45.44 14.67 342.94 44.70 Solved
26.96 155.50 14.66 -0.28 0.00 -0.03 -0.01 54.80 14.67 450.25 39.15 Solved
24.94 162.55 14.66 -0.29 0.00 -0.00 -0.00 66.91 14.67 565.17 30.87 Solved
22.82 169.57 14.67 -0.29 0.00 -0.00 -0.00 81.63 14.67 684.97 28.26 Solved
20.70 176.59 14.67 -0.29 -0.00 0.04 0.02 90.00 14.67 856.78 22.88 Solved
18.58 183.61 14.66 -0.27 1.18 -0.09 -0.04 113.27 17.57 1107.21 249.33 Max-Iter
16.59 190.66 15.26 -0.32 -2.25 0.39 0.18 130.54 14.30 1615.27 245.68 Max-Iter
