32.00 2.00 14.67 0.00 -0.19 0.15 0.07 31.37 14.61 521.21 6.82 Solved
32.00 9.33 14.57 0.07 0.11 0.05 0.02 -11.18 14.67 505.45 8.90 Solved
32.55 16.60 14.63 0.10 0.04 0.04 0.02 -11.69 14.67 491.30 9.96 Solved
33.29 23.88 14.65 0.12 0.02 0.03 0.01 -12.23 14.67 480.33 9.84 Solved
34.19 31.15 14.66 0.14 0.01 0.02 0.01 -12.83 14.67 470.37 15.74 Solved
35.22 38.40 14.66 0.15 0.00 0.01 0.00 -13.49 14.67 459.50 16.20 Solved
36.32 45.65 14.67 0.16 0.00 0.00 0.00 -14.22 14.67 446.13 20.88 Solved
37.46 52.90 14.67 0.16 0.00 0.00 0.00 -15.20 14.67 428.98 20.26 Solved
38.60 60.14 14.67 0.16 0.00 0.00 0.00 -16.12 14.67 414.94 32.36 Solved
39.75 67.38 14.67 0.16 -0.00 0.01 0.00 -16.25 14.67 403.32 35.02 Solved
40.90 74.63 14.67 0.16 -0.00 0.03 0.02 -7.87 14.67 397.55 29.58 Solved
42.07 81.86 14.66 0.18 -0.00 -0.02 -0.01 -8.46 14.67 417.44 32.79 Solved
43.36 89.08 14.66 0.17 0.00 -0.07 -0.03 -9.14 14.67 400.58 29.84 Solved
44.58 96.31 14.66 0.13 0.01 -0.13 -0.06 -9.94 14.67 344.15 32.13 Solved
45.53 103.58 14.67 0.07 0.00 -0.08 -0.04 -10.88 14.67 259.17 35.38 Solved
46.01 110.90 14.67 0.02 0.00 -0.04 -0.02 -12.03 14.67 208.59 40.79 Solved
46.18 118.23 14.67 0.00 -0.00 -0.00 -0.00 -13.44 14.67 181.11 36.05 Solved
46.20 125.57 14.67 0.00 -0.00 0.00 0.00 -15.22 14.67 173.04 19.46 Solved
46.21 132.90 14.67 0.00 -0.00 0.00 0.00 -17.52 14.67 167.84 20.20 Solved
46.23 140.23 14.67 0.00 -0.00 -0.00 -0.00 -20.60 14.67 166.11 16.78 Solved
46.25 147.57 14.67 0.00 -0.00 0.00 0.00 -24.92 14.67 168.70 16.75 Solved
46.26 154.90 14.67 0.00 -0.00 -0.01 -0.00 -30.00 14.67 176.89 15.04 Solved
46.28 162.23 14.67 -0.00 -0.00 -0.04 -0.02 -30.00 14.67 189.22 7.92 Solved
46.28 169.57 14.67 -0.02 -0.00 -0.08 -0.04 -30.00 14.67 185.98 7.48 Solved
46.13 176.90 14.67 -0.06 -0.00 -0.13 -0.06 -30.00 14.67 161.81 3.13 Solved
