14.00 2.00 14.67 0.00 0.01 0.00 0.00 -0.06 14.68 519.95 6.98 Max-Iter
14.01 7.87 14.67 0.00 0.03 0.00 0.00 0.07 14.62 494.83 7.04 Max-Iter
14.01 13.73 14.68 0.00 -0.15 0.21 0.10 -19.92 14.61 859.52 6.99 Max-Iter
14.02 19.61 14.62 0.09 -0.12 0.20 0.09 -24.08 14.72 765.92 7.07 Max-Iter
14.53 25.43 14.57 0.17 0.03 0.16 0.07 -24.96 14.68 614.67 6.74 Max-Iter
15.49 31.18 14.59 0.23 0.08 0.13 0.06 -25.95 14.67 508.40 6.93 Max-Iter
16.81 36.87 14.62 0.28 0.07 0.10 0.05 -26.69 14.67 426.58 7.07 Max-Iter
18.43 42.48 14.65 0.32 0.04 0.07 0.03 -27.88 14.67 371.81 7.01 Max-Iter
20.29 48.04 14.66 0.35 0.02 0.03 0.02 -28.96 14.67 338.91 7.02 Max-Iter
22.30 53.55 14.67 0.36 -0.00 -0.00 -0.00 -30.00 14.67 318.92 6.87 Max-Iter
24.38 59.04 14.67 0.36 -0.28 0.11 0.05 -30.00 14.52 501.97 6.94 Max-Iter
26.46 64.52 14.55 0.41 -0.09 0.24 0.11 -30.00 14.61 1133.37 6.99 Max-Iter
28.77 69.86 14.51 0.50 0.15 0.11 0.05 -30.00 14.75 885.83 6.99 Max-Iter
31.57 74.95 14.58 0.55 0.17 0.00 0.00 -30.00 14.69 747.03 6.98 Max-Iter
34.61 79.92 14.64 0.55 -0.52 0.14 0.06 -30.00 14.36 1529.18 6.96 Max-Iter
37.67 84.92 14.44 0.60 0.11 0.19 0.09 -30.00 14.53 2266.66 6.79 Max-Iter
40.95 89.67 14.48 0.68 0.33 0.03 0.02 -30.00 14.68 1958.83 6.78 Max-Iter
44.60 94.17 14.61 0.69 0.00 -0.09 -0.04 -30.00 14.65 1686.55 6.90 Max-Iter
48.34 98.66 14.61 0.66 0.10 -0.16 -0.07 -30.00 14.64 1580.46 6.87 Max-Iter
51.92 103.28 14.65 0.60 0.01 -0.18 -0.08 -29.88 14.63 1516.04 7.03 Max-Iter
55.21 108.13 14.66 0.53 0.06 -0.20 -0.09 -29.97 14.63 1444.54 6.62 Max-Iter
58.15 113.20 14.68 0.44 0.09 -0.20 -0.09 -29.98 14.62 1377.63 6.95 Max-Iter
60.68 118.51 14.72 0.36 0.02 -0.19 -0.09 -29.99 14.62 1327.09 6.64 Max-Iter
62.77 124.01 14.73 0.29 -0.07 -0.17 -0.08 -30.00 14.64 1307.47 6.88 Max-Iter
64.44 129.66 14.70 0.22 -0.03 -0.17 -0.08 -30.00 14.65 1323.25 7.02 Max-Iter
65.71 135.40 14.69 0.15 -0.02 -0.16 -0.07 -30.00 14.65 1363.68 6.89 Max-Iter
66.59 141.21 14.68 0.09 -0.01 -0.15 -0.07 -30.00 14.65 1427.24 6.99 Max-Iter
67.11 147.06 14.68 0.03 -0.02 -0.14 -0.06 -30.00 14.66 1513.34 6.93 Max-Iter
67.28 152.93 14.67 -0.03 -0.02 -0.14 -0.07 -30.00 14.65 1621.72 6.83 Max-Iter
67.11 158.79 14.66 -0.09 -0.03 -0.14 -0.06 -30.00 14.65 1745.10 6.89 Max-Iter
66.61 164.64 14.65 -0.14 -0.02 -0.14 -0.06 -30.00 14.65 1892.06 6.85 Max-Iter
65.78 170.44 14.64 -0.20 -0.03 -0.15 -0.07 -30.00 14.65 2061.26 6.99 Max-Iter
64.62 176.18 14.63 -0.26 -0.04 -0.15 -0.07 -30.00 14.65 2254.50 7.04 Max-Iter
63.13 181.84 14.61 -0.32 0.03 -0.16 -0.07 -30.00 14.59 2477.73 7.00 Max-Iter
61.30 187.39 14.63 -0.38 -1.56 -0.15 -0.07 -30.00 13.25 3123.42 6.93 Max-Iter
59.12 192.82 14.00 -0.44 -2.00 -0.16 -0.07 -29.99 11.79 3922.93 6.80 Max-Iter
56.72 197.88 13.20 -0.51 -1.89 -0.12 -0.05 -29.09 10.78 4629.79 6.70 Max-Iter
54.16 202.50 12.44 -0.56 -2.00 -0.13 -0.05 -30.00 9.72 5299.41 6.83 Max-Iter
51.54 206.73 11.64 -0.61 -2.00 -0.13 -0.05 -30.00 8.77 5847.54 6.95 Max-Iter
48.87 210.55 10.84 -0.66 -2.00 -0.13 -0.05 -29.99 7.87 6272.84 6.99 Max-Iter
46.21 213.97 10.04 -0.71 -2.00 -0.13 -0.04 -30.00 7.12 6565.19 6.83 Max-Iter
43.58 217.01 9.24 -0.77 -2.00 -0.13 -0.04 -30.00 6.41 6751.35 6.88 Max-Iter
41.01 219.67 8.44 -0.82 -2.00 -0.05 -0.01 -29.99 5.82 6921.05 6.97 Max-Iter
38.54 221.97 7.65 -0.84 -2.00 -0.16 -0.04 -30.00 5.14 7012.76 6.83 Max-Iter
36.26 224.01 6.85 -0.90 -2.00 -0.14 -0.03 -30.00 4.46 7093.29 6.81 Max-Iter
34.11 225.70 6.05 -0.96 -2.00 -0.15 -0.03 -30.01 4.12 7181.03 6.70 Max-Iter
32.12 227.09 5.25 -1.02 -1.79 -0.10 -0.02 -29.97 3.78 7312.59 7.02 Max-Iter
30.34 228.19 4.53 -1.06 -1.26 -0.14 -0.02 -29.99 3.24 7561.31 6.72 Max-Iter
28.75 229.07 4.03 -1.12 -1.25 -0.13 -0.02 -29.04 2.94 7934.09 7.00 Max-Iter
27.31 229.78 3.53 -1.17 -1.08 -0.12 -0.01 -29.81 2.64 8281.24 7.00 Max-Iter
26.01 230.33 3.09 -1.21 -0.89 -0.11 -0.01 -29.98 2.36 72317.84 7.01 Max-Iter
24.85 230.76 2.74 -1.26 -0.71 -0.11 -0.01 -30.00 2.12 70944.61 6.83 Max-Iter
23.81 231.10 2.45 -1.30 -0.72 -0.10 -0.01 -30.00 1.92 69635.06 7.02 Max-Iter
