32.00 2.00 14.67 0.00 -0.00 -0.00 -0.00 0.00 14.67 519.84 4.06 Solved
32.00 9.33 14.67 -0.00 0.00 -0.00 -0.00 0.00 14.67 486.94 6.97 Solved
32.00 16.67 14.67 -0.00 -0.01 -0.28 -0.13 35.09 14.66 455.82 6.14 Solved
32.00 24.00 14.66 -0.14 0.01 0.06 0.03 3.76 14.67 488.25 8.83 Solved
30.98 31.26 14.66 -0.11 0.00 0.05 0.02 3.95 14.67 439.22 8.55 Solved
30.17 38.55 14.67 -0.09 0.00 0.04 0.02 4.15 14.67 397.32 7.69 Solved
29.53 45.85 14.67 -0.07 0.00 0.03 0.01 4.38 14.67 361.06 7.57 Solved
29.03 53.17 14.67 -0.05 0.00 0.02 0.01 4.64 14.67 329.26 10.77 Solved
28.63 60.49 14.67 -0.04 -0.00 0.01 0.00 4.92 14.67 301.09 17.95 Solved
28.31 67.82 14.67 -0.04 -0.00 -0.00 -0.00 5.25 14.67 276.05 14.70 Solved
28.02 75.14 14.67 -0.04 -0.00 0.00 0.00 5.62 14.67 254.09 24.71 Solved
27.72 82.47 14.67 -0.04 -0.00 -0.00 -0.00 6.04 14.67 233.40 27.72 Solved
27.43 89.80 14.67 -0.04 -0.00 0.00 0.00 6.54 14.67 214.01 41.13 Solved
27.14 97.13 14.67 -0.04 -0.00 -0.00 -0.00 7.13 14.67 195.98 42.82 Solved
26.85 104.45 14.67 -0.04 -0.00 0.00 0.00 7.82 14.67 179.37 44.01 Solved
26.55 111.78 14.67 -0.04 -0.00 -0.00 -0.00 8.67 14.67 164.29 44.38 Solved
26.26 119.11 14.67 -0.04 -0.00 -0.00 -0.00 9.73 14.67 150.83 35.57 Solved
25.97 126.44 14.67 -0.04 -0.00 0.00 0.00 11.07 14.67 139.18 28.61 Solved
25.68 133.76 14.67 -0.04 -0.00 0.00 0.00 12.84 14.67 129.55 29.28 Solved
25.38 141.09 14.67 -0.04 -0.00 0.00 0.00 15.25 14.67 122.27 23.16 Solved
25.09 148.42 14.67 -0.04 -0.00 -0.00 -0.00 18.76 14.67 117.80 22.68 Solved
24.80 155.75 14.67 -0.04 -0.00 0.00 0.00 24.22 14.67 116.87 16.31 Solved
24.51 163.07 14.67 -0.04 -0.00 0.01 0.01 30.00 14.67 120.58 16.93 Solved
24.21 170.40 14.67 -0.03 -0.00 0.06 0.03 30.00 14.67 124.09 14.51 Solved
23.97 177.73 14.67 -0.00 -0.00 0.12 0.05 30.00 14.67 108.53 11.27 Solved
