32.00 2.00 14.67 0.00 -0.00 0.00 0.00 0.00 14.67 519.84 0.25 Solved
32.00 9.33 14.67 0.00 0.00 -0.00 -0.00 0.00 14.67 486.94 4.24 Solved
32.00 16.67 14.67 -0.00 -0.01 -0.13 -0.06 16.04 14.66 455.26 3.59 Solved
32.00 24.00 14.66 -0.06 0.01 -0.16 -0.07 24.42 14.67 438.18 9.62 Solved
31.53 31.32 14.66 -0.15 -0.13 -0.38 -0.17 -7.16 14.63 469.22 11.06 Solved
30.46 38.57 14.60 -0.34 0.08 -0.15 -0.07 44.11 14.67 756.15 21.72 Solved
28.05 45.46 14.64 -0.41 0.03 -0.12 -0.06 46.14 14.67 951.71 24.16 Solved
25.14 52.17 14.66 -0.47 0.01 -0.10 -0.04 48.33 14.67 1171.03 21.03 Solved
21.81 58.70 14.66 -0.52 0.00 -0.07 -0.03 50.67 14.67 1400.08 30.24 Solved
18.16 65.06 14.66 -0.56 0.00 -0.05 -0.02 53.19 14.67 1625.65 26.01 Solved
14.28 71.28 14.67 -0.58 0.00 -0.02 -0.01 55.88 14.67 1835.63 27.01 Solved
10.24 77.40 14.67 -0.60 0.00 0.00 0.00 58.75 14.67 2019.13 33.33 Solved
6.13 83.48 14.67 -0.60 0.00 -0.00 -0.00 61.81 14.67 2166.70 30.51 Solved
2.02 89.55 14.67 -0.60 -0.00 0.17 0.08 30.00 14.67 2335.93 34.40 Solved
-2.09 95.62 14.67 -0.51 -0.00 0.16 0.07 30.00 14.67 2071.99 35.42 Solved
-5.66 102.03 14.67 -0.43 -0.00 0.15 0.07 30.00 14.67 1852.07 36.09 Solved
-8.70 108.70 14.67 -0.35 0.00 0.14 0.06 30.00 14.67 1666.93 39.14 Solved
-11.23 115.58 14.67 -0.28 0.00 0.13 0.06 30.00 14.67 1509.25 40.89 Solved
-13.28 122.62 14.67 -0.21 0.00 0.13 0.06 30.00 14.67 1373.17 32.20 Solved
-14.84 129.79 14.67 -0.15 -0.00 0.13 0.06 30.00 14.67 1253.95 24.67 Solved
-15.93 137.04 14.67 -0.09 -0.00 0.13 0.06 30.00 14.67 1147.64 19.75 Solved
-16.57 144.34 14.67 -0.02 -0.00 0.13 0.06 30.00 14.67 1050.85 14.76 Solved
-16.74 151.67 14.67 0.04 -0.00 0.13 0.06 30.00 14.67 960.55 7.99 Solved
-16.44 159.00 14.66 0.11 -0.00 0.14 0.06 30.00 14.67 873.86 7.92 Solved
-15.67 166.29 14.66 0.17 -0.00 0.14 0.07 30.00 14.67 787.84 5.05 Solved
-14.41 173.52 14.66 0.24 -0.00 0.16 0.07 30.00 14.67 699.27 5.46 Solved
-12.64 180.63 14.66 0.32 -0.00 0.17 0.08 30.00 14.67 604.34 5.45 Solved
-10.32 187.59 14.66 0.41 -0.00 0.20 0.09 30.00 14.67 498.38 2.88 Solved
-7.40 194.31 14.66 0.51 -0.00 0.25 0.11 30.00 14.66 375.79 1.53 Solved
