14.00 2.00 14.67 0.00 0.00 0.00 0.00 -0.00 14.67 228.00 3.31 Solved
14.00 7.87 14.67 0.00 -0.00 -0.00 -0.00 -0.00 14.67 222.13 5.00 Solved
14.00 13.73 14.67 0.00 -0.00 -0.00 -0.00 -0.00 14.67 216.27 5.89 Solved
14.00 19.60 14.67 0.00 -0.00 -0.00 -0.00 -0.00 14.67 210.40 3.63 Solved
14.00 25.47 14.67 0.00 -0.36 -0.34 -0.15 22.07 14.45 212.41 1.82 Solved
14.00 31.33 14.52 -0.14 -0.00 -0.45 -0.20 30.00 14.58 210.14 2.22 Solved
13.21 37.09 14.52 -0.32 0.05 -0.30 -0.14 30.00 14.61 197.61 2.21 Solved
11.40 42.61 14.54 -0.44 0.06 -0.17 -0.08 30.00 14.63 189.69 1.70 Solved
8.94 47.88 14.57 -0.50 0.06 -0.04 -0.02 30.00 14.64 185.50 1.79 Solved
6.13 52.98 14.59 -0.52 0.05 0.07 0.03 30.00 14.65 184.45 2.13 Solved
3.22 58.05 14.61 -0.49 0.04 0.07 0.03 30.00 14.65 185.83 1.94 Solved
0.46 63.20 14.63 -0.47 0.03 0.06 0.03 30.00 14.65 189.49 1.96 Solved
-2.17 68.43 14.64 -0.44 0.02 0.06 0.03 30.00 14.66 195.58 1.72 Solved
-4.66 73.73 14.65 -0.41 0.01 0.06 0.03 30.00 14.66 204.27 1.56 Solved
-7.02 79.09 14.65 -0.39 0.01 0.06 0.03 30.00 14.66 215.75 1.80 Solved
-9.25 84.51 14.65 -0.37 0.01 0.06 0.03 30.00 14.66 230.27 1.93 Solved
-11.35 89.98 14.66 -0.34 0.00 0.06 0.03 30.00 14.66 248.10 1.85 Solved
-13.32 95.50 14.66 -0.32 0.00 0.06 0.03 30.00 14.66 269.57 1.95 Solved
-15.15 101.07 14.66 -0.29 0.00 0.06 0.03 30.00 14.66 295.03 1.80 Solved
-16.84 106.68 14.66 -0.27 0.00 0.06 0.03 30.00 14.66 324.91 1.89 Solved
-18.40 112.34 14.66 -0.24 -0.00 0.07 0.03 30.00 14.66 359.67 1.76 Solved
-19.81 118.03 14.66 -0.22 -0.00 0.07 0.03 30.00 14.66 399.87 1.65 Solved
-21.06 123.75 14.66 -0.19 -0.00 0.07 0.03 30.00 14.66 446.15 1.71 Solved
-22.16 129.51 14.66 -0.16 -0.00 0.08 0.03 30.00 14.66 499.22 1.77 Solved
-23.09 135.30 14.66 -0.13 -0.00 0.08 0.04 30.00 14.66 559.94 1.68 Solved
-23.84 141.12 14.66 -0.10 -0.00 0.08 0.04 30.00 14.66 629.30 1.74 Solved
-24.41 146.95 14.65 -0.06 -0.00 0.09 0.04 30.00 14.66 708.48 1.93 Solved
-24.78 152.80 14.65 -0.03 -0.00 0.10 0.04 30.00 14.65 798.84 2.05 Solved
-24.94 158.66 14.65 0.01 -0.01 0.10 0.05 30.00 14.65 902.03 1.61 Solved
-24.88 164.52 14.65 0.05 -0.01 0.11 0.05 30.00 14.65 1020.03 1.52 Solved
-24.58 170.37 14.65 0.10 -0.01 0.12 0.05 30.00 14.65 1155.23 1.82 Solved
-24.02 176.20 14.64 0.14 -1.17 0.12 0.05 30.00 13.51 1316.47 1.57 Solved
-23.19 182.00 14.17 0.19 -1.85 0.12 0.05 30.00 12.38 1504.55 1.83 Solved
-22.11 187.57 13.43 0.24 -2.00 0.12 0.05 30.00 11.32 1712.04 2.04 Solved
