14.00 2.00 14.67 -0.01 -0.09 -0.00 -0.00 0.00 14.62 5.20 0.57 Solved
13.95 7.87 14.63 -0.01 -0.11 -0.00 -0.00 0.00 14.59 4.93 0.54 Solved
13.90 13.72 14.58 -0.01 -0.16 -0.00 -0.00 0.00 14.55 4.68 0.55 Solved
13.85 19.55 14.52 -0.01 -0.33 -0.00 -0.00 0.00 14.42 4.43 0.53 Solved
13.80 25.36 14.39 -0.01 -1.99 -0.00 -0.00 0.00 13.21 4.19 0.56 Solved
13.74 31.11 13.59 -0.01 -2.00 -0.49 -0.21 30.00 13.20 1513.58 0.64 Solved
13.70 36.55 12.79 -0.21 0.90 -0.48 -0.19 30.00 15.81 1238.73 1.04 Solved
12.65 41.56 13.16 -0.40 1.63 -0.29 -0.12 30.00 14.53 460.79 0.80 Solved
10.61 46.41 13.81 -0.52 1.87 -0.13 -0.05 30.00 13.99 167.43 1.39 Solved
7.89 51.22 14.56 -0.57 2.00 0.04 0.02 30.00 13.49 112.64 1.13 Solved
4.77 56.14 15.36 -0.55 -0.08 0.02 0.01 12.93 15.04 1086.23 20.45 Max-Iter
1.56 61.37 15.33 -0.54 -0.06 0.09 0.04 20.06 14.97 548.78 20.57 Max-Iter
-1.61 66.62 15.30 -0.51 -2.00 0.09 0.04 30.00 13.20 114.85 0.79 Solved
-4.58 71.97 14.50 -0.47 -2.00 0.08 0.04 30.00 13.20 93.33 0.94 Solved
-7.22 77.14 13.70 -0.44 -2.00 0.07 0.03 30.00 13.20 77.49 1.08 Solved
-9.56 82.09 12.90 -0.41 -2.00 0.07 0.03 30.00 13.20 65.95 0.80 Solved
-11.63 86.82 12.10 -0.39 -2.00 0.06 0.02 30.00 13.20 57.11 0.78 Solved
-13.45 91.31 11.30 -0.36 -2.00 0.06 0.02 30.00 13.20 50.48 1.02 Solved
-15.05 95.54 10.50 -0.34 -1.25 0.05 0.02 30.00 13.20 45.13 0.68 Solved
-16.45 99.50 10.00 -0.32 -0.00 0.05 0.02 30.00 13.20 41.44 0.85 Solved
-17.69 103.30 10.00 -0.30 -0.00 0.05 0.02 30.00 13.20 38.96 0.76 Solved
-18.86 107.12 10.00 -0.28 -0.00 0.05 0.02 30.00 13.20 37.40 0.90 Solved
-19.95 110.97 10.00 -0.26 -0.00 0.05 0.02 30.00 13.20 36.57 0.92 Solved
-20.97 114.84 10.00 -0.24 -0.00 0.05 0.02 30.00 13.20 36.32 0.86 Solved
-21.91 118.73 10.00 -0.22 -0.00 0.05 0.02 30.00 13.20 36.57 0.74 Solved
-22.77 122.64 10.00 -0.20 -0.00 0.05 0.02 30.00 13.20 37.25 0.72 Solved
-23.55 126.56 10.00 -0.18 -0.00 0.05 0.02 30.00 13.20 38.33 0.71 Solved
-24.26 130.49 10.00 -0.16 -0.00 0.05 0.02 30.00 13.20 39.78 0.71 Solved
-24.89 134.44 10.00 -0.14 -0.00 0.05 0.02 30.00 13.20 41.60 0.71 Solved
-25.43 138.41 10.00 -0.12 -0.00 0.05 0.02 30.00 13.20 43.78 0.72 Solved
-25.89 142.38 10.00 -0.09 -0.00 0.06 0.02 30.00 13.20 46.37 0.80 Solved
-26.26 146.36 10.00 -0.07 -0.00 0.06 0.02 30.00 13.20 49.37 0.75 Solved
-26.55 150.35 10.00 -0.05 -0.00 0.06 0.02 30.00 13.20 52.85 0.76 Solved
-26.74 154.35 10.00 -0.02 -0.00 0.06 0.02 30.00 13.20 56.85 0.77 Solved
-26.83 158.35 10.00 0.00 -0.00 0.07 0.02 30.00 13.20 61.46 0.87 Solved
-26.82 162.35 10.00 0.03 -0.00 0.07 0.02 30.00 13.20 66.78 0.69 Solved
-26.70 166.35 10.00 0.06 -0.00 0.07 0.02 30.00 13.20 72.93 0.77 Solved
-26.47 170.34 10.00 0.09 -0.00 0.08 0.02 30.00 13.20 80.09 0.78 Solved
-26.13 174.33 10.00 0.12 -0.00 0.08 0.03 30.00 13.20 88.47 0.81 Solved
-25.66 178.30 10.00 0.15 -0.00 0.09 0.03 30.00 13.20 98.35 0.72 Solved
-25.06 182.25 10.00 0.18 -0.00 0.09 0.03 30.00 13.20 110.10 0.76 Solved
-24.33 186.18 10.00 0.22 -0.00 0.10 0.03 30.00 13.20 124.25 0.76 Solved
-23.45 190.09 10.00 0.26 -0.00 0.11 0.03 30.00 13.20 141.50 0.67 Solved
-22.42 193.95 10.00 0.30 -0.00 0.12 0.04 30.00 13.20 162.84 0.67 Solved
-21.22 197.77 10.00 0.35 -0.00 0.13 0.04 30.00 13.20 189.76 0.75 Solved
-19.85 201.53 10.00 0.40 -2.00 0.08 0.03 30.00 6.10 88.78 0.98 Solved
-18.29 205.21 9.20 0.43 2.00 0.17 0.05 30.00 13.20 317.93 0.56 Solved
-16.74 208.55 10.00 0.50 -2.00 0.11 0.03 30.00 6.48 144.82 0.82 Solved
-14.81 212.05 9.20 0.55 -2.00 0.12 0.03 30.00 5.77 163.33 0.85 Solved
-12.90 215.19 8.40 0.59 -2.00 0.12 0.03 30.00 5.04 175.64 0.74 Solved
-11.01 217.98 7.60 0.64 -2.00 0.12 0.03 30.00 4.28 180.50 0.73 Solved
-9.19 220.41 6.80 0.69 -2.00 0.12 0.03 30.00 3.50 176.77 0.78 Solved
-7.45 222.50 6.00 0.74 -2.00 0.12 0.02 30.00 2.78 163.72 0.92 Solved
-5.83 224.27 5.20 0.79 -2.00 0.11 0.02 30.00 1.95 141.51 0.79 Solved
-4.36 225.74 4.40 0.83 -2.00 0.09 0.01 30.00 1.05 111.74 0.85 Solved
-3.06 226.93 3.60 0.87 -2.00 0.07 0.01 30.00 0.09 77.89 0.89 Solved
-1.96 227.86 2.80 0.90 -2.00 0.05 0.00 30.00 0.00 45.24 0.99 Solved
-1.09 228.56 2.00 0.92 -2.00 0.03 0.00 30.00 0.00 23.28 0.95 Solved
-0.45 229.05 1.20 0.93 -2.00 0.01 0.00 30.00 0.00 11.00 1.04 Solved
-0.07 229.34 0.40 0.93 -1.98 0.00 0.00 29.98 0.01 7.56 2.76 Solved
0.06 229.43 -0.39 0.93 -0.99 0.00 -0.00 29.67 0.09 7.63 2.58 Solved
-0.07 229.34 -0.79 0.93 -0.10 0.00 -0.00 29.96 0.06 7.56 0.68 Solved
-0.32 229.15 -0.83 0.93 -0.65 0.00 -0.00 29.12 0.30 7.42 1.68 Solved
-0.59 228.95 -1.09 0.93 0.26 0.00 -0.00 29.06 0.43 7.28 5.87 Solved
-0.94 228.70 -0.98 0.93 0.29 0.00 -0.00 28.42 0.36 7.11 0.85 Solved
-1.25 228.46 -0.86 0.93 0.05 0.00 -0.00 27.77 0.47 6.97 0.74 Solved
-1.53 228.26 -0.85 0.93 0.07 0.00 -0.00 27.33 0.51 6.85 0.74 Solved
-1.80 228.06 -0.82 0.93 0.27 -0.00 0.00 27.03 0.56 6.74 0.86 Solved
-2.07 227.86 -0.71 0.93 0.36 0.00 -0.00 26.83 0.60 6.64 0.81 Solved
-2.29 227.69 -0.57 0.93 0.37 0.00 -0.00 26.74 0.65 6.55 0.72 Solved
-2.48 227.56 -0.42 0.93 0.34 0.00 -0.00 26.71 0.70 6.49 0.67 Solved
-2.61 227.46 -0.28 0.93 0.27 0.00 -0.00 26.70 0.72 6.44 0.69 Solved
-2.70 227.39 -0.17 0.93 0.13 0.00 -0.00 26.61 0.71 6.41 0.75 Solved
-2.76 227.35 -0.12 0.93 -0.08 0.00 -0.00 26.33 0.63 6.39 0.71 Solved
-2.79 227.32 -0.15 0.93 -0.08 0.00 -0.00 26.19 0.61 6.38 0.80 Solved
-2.84 227.29 -0.18 0.93 -0.05 0.00 -0.00 26.06 0.61 6.37 0.92 Solved
-2.90 227.24 -0.20 0.93 -0.03 0.00 -0.00 25.91 0.60 6.35 1.16 Solved
-2.97 227.20 -0.21 0.93 0.00 0.00 -0.00 25.79 0.60 6.33 0.69 Solved
-3.03 227.15 -0.21 0.93 0.02 -0.00 0.00 25.66 0.60 6.30 0.78 Solved
-3.10 227.10 -0.20 0.93 0.03 0.00 -0.00 25.55 0.59 6.28 0.70 Solved
