32.00 2.00 14.67 0.00 0.00 -0.00 -0.00 0.00 14.67 519.84 2.05 Solved
32.00 9.33 14.67 -0.00 0.00 -0.00 -0.00 0.00 14.67 486.94 2.01 Solved
32.00 16.67 14.67 -0.00 -0.00 -0.00 -0.00 0.00 14.67 455.11 1.98 Solved
32.00 24.00 14.67 -0.00 -0.00 -0.00 -0.00 0.00 14.67 424.36 1.85 Solved
32.00 31.33 14.67 -0.00 0.00 -0.00 -0.00 0.00 14.67 394.68 3.96 Solved
32.00 38.67 14.67 -0.00 -0.00 -0.11 -0.05 14.07 14.67 366.19 9.36 Solved
32.00 46.00 14.66 -0.06 0.00 -0.11 -0.05 17.42 14.67 349.06 7.94 Solved
31.59 53.32 14.67 -0.11 0.00 -0.09 -0.04 18.42 14.67 352.89 12.62 Solved
30.79 60.61 14.67 -0.15 0.00 -0.07 -0.03 19.52 14.67 370.79 12.69 Solved
29.67 67.86 14.67 -0.19 -0.01 -0.47 -0.21 74.63 14.67 398.51 23.72 Solved
28.31 75.06 14.66 -0.42 0.01 -0.00 -0.00 36.97 14.67 889.35 23.02 Solved
25.31 81.76 14.66 -0.42 0.00 0.00 0.00 39.37 14.67 932.91 28.83 Solved
22.32 88.45 14.67 -0.42 0.00 -0.00 -0.00 42.05 14.67 986.81 28.47 Solved
19.32 95.14 14.67 -0.42 0.00 -0.00 -0.00 45.04 14.67 1052.81 29.41 Solved
16.33 101.83 14.67 -0.42 0.00 -0.00 -0.00 48.37 14.67 1133.07 32.84 Solved
13.33 108.53 14.67 -0.42 0.00 0.00 0.00 52.09 14.67 1230.27 46.36 Solved
10.33 115.22 14.67 -0.42 0.00 -0.00 -0.00 56.23 14.67 1347.71 44.33 Solved
7.34 121.91 14.67 -0.42 0.00 0.00 0.00 60.81 14.67 1489.47 36.79 Solved
4.34 128.61 14.67 -0.42 0.00 -0.00 -0.00 65.84 14.67 1660.60 36.91 Solved
1.35 135.30 14.67 -0.42 0.00 -0.00 -0.00 71.29 14.67 1867.33 29.30 Solved
-1.65 141.99 14.67 -0.42 0.00 -0.00 -0.00 77.12 14.67 2117.27 30.05 Solved
-4.65 148.69 14.67 -0.42 0.00 0.00 0.00 83.23 14.67 2419.60 29.95 Solved
-7.64 155.38 14.67 -0.42 0.00 -0.00 -0.00 89.50 14.67 2785.16 15.87 Solved
-10.64 162.07 14.67 -0.42 -0.01 0.34 0.15 30.00 14.66 3228.26 13.92 Solved
-13.63 168.77 14.66 -0.25 -0.00 0.33 0.15 30.00 14.66 2669.54 11.70 Solved
-15.46 175.87 14.66 -0.09 -0.00 0.32 0.14 30.00 14.66 2197.42 8.47 Solved
-16.10 183.17 14.66 0.07 -0.00 0.31 0.14 30.00 14.66 1789.99 5.29 Solved
-15.59 190.48 14.66 0.23 -0.00 0.32 0.15 30.00 14.66 1427.75 5.54 Solved
-13.94 197.62 14.66 0.39 -0.00 0.34 0.16 30.00 14.66 1092.20 5.38 Solved
-11.16 204.40 14.66 0.56 -0.01 0.40 0.18 30.00 14.66 764.91 3.29 Solved
