32.00 2.00 14.67 0.00 -0.00 0.00 0.00 0.00 14.67 519.84 1.79 Solved
32.00 9.33 14.67 0.00 0.00 -0.00 -0.00 0.00 14.67 486.94 3.85 Solved
32.00 16.67 14.67 -0.00 -0.00 -0.00 -0.00 0.00 14.67 455.11 6.65 Solved
32.00 24.00 14.67 -0.00 -0.00 0.00 0.00 0.00 14.67 424.36 5.89 Solved
32.00 31.33 14.67 -0.00 0.00 -0.00 -0.00 0.00 14.67 394.68 9.34 Solved
32.00 38.67 14.67 -0.00 -0.00 -0.00 -0.00 0.00 14.67 366.08 9.43 Solved
32.00 46.00 14.67 -0.00 -0.00 -0.00 -0.00 0.00 14.67 338.56 15.43 Solved
32.00 53.33 14.67 -0.00 -0.00 -0.00 -0.00 0.00 14.67 312.11 19.16 Solved
32.00 60.67 14.67 -0.00 0.00 -0.00 -0.00 0.00 14.67 286.74 16.79 Solved
32.00 68.00 14.67 -0.00 0.00 0.00 0.00 0.00 14.67 262.44 21.87 Solved
32.00 75.33 14.67 -0.00 -0.00 -0.00 -0.00 0.00 14.67 239.22 22.23 Solved
32.00 82.67 14.67 -0.00 -0.00 -0.00 -0.00 0.00 14.67 217.07 23.85 Solved
32.00 90.00 14.67 -0.00 0.00 0.00 0.00 0.00 14.67 196.00 29.04 Solved
32.00 97.33 14.67 -0.00 -0.00 -0.00 -0.00 0.00 14.67 176.00 30.11 Solved
32.00 104.67 14.67 -0.00 0.00 -0.00 -0.00 0.00 14.67 157.08 38.60 Solved
32.00 112.00 14.67 -0.00 -0.00 -0.00 -0.00 0.00 14.67 139.24 42.87 Solved
32.00 119.33 14.67 -0.00 0.00 -0.00 -0.00 0.00 14.67 122.47 41.83 Solved
32.00 126.67 14.67 -0.00 0.00 -0.00 -0.00 0.00 14.67 106.78 32.88 Solved
32.00 134.00 14.67 -0.00 0.00 -0.00 -0.00 0.00 14.67 92.16 27.27 Solved
32.00 141.33 14.67 -0.00 -0.00 -0.00 -0.00 0.00 14.67 78.62 22.56 Solved
32.00 148.67 14.67 -0.00 -0.00 -0.00 -0.00 0.00 14.67 66.15 22.12 Solved
32.00 156.00 14.67 -0.00 -0.00 -0.00 -0.00 0.00 14.67 54.76 22.58 Solved
32.00 163.33 14.67 -0.00 -0.00 -0.00 -0.00 0.00 14.67 44.44 15.93 Solved
32.00 170.67 14.67 -0.00 0.00 0.00 0.00 0.00 14.67 35.20 12.02 Solved
32.00 178.00 14.67 -0.00 -0.00 -0.00 -0.00 0.00 14.67 27.04 8.79 Solved
