14.00 2.00 14.67 0.00 -0.00 0.00 0.00 0.00 14.67 519.84 0.17 Solved
14.00 9.33 14.67 0.00 -0.00 0.00 0.00 0.00 14.67 486.94 0.13 Solved
14.00 16.67 14.67 0.00 -0.00 0.00 0.00 0.00 14.67 455.11 0.11 Solved
14.00 24.00 14.67 0.00 0.00 0.00 0.00 0.00 14.67 424.36 0.12 Solved
14.00 31.33 14.67 0.00 -0.00 0.00 0.00 0.00 14.67 394.68 0.10 Solved
14.00 38.67 14.67 0.00 0.00 0.00 0.00 0.00 14.67 366.08 0.10 Solved
14.00 46.00 14.67 0.00 0.00 0.00 0.00 0.00 14.67 338.56 0.10 Solved
14.00 53.33 14.67 0.00 0.00 0.00 0.00 0.00 14.67 312.11 0.10 Solved
14.00 60.67 14.67 0.00 0.01 0.00 0.00 0.30 14.66 286.74 2.60 Max-Iter
14.00 68.00 14.67 0.00 -1.19 0.00 0.00 -30.00 13.46 277.61 2.63 Max-Iter
14.00 75.33 14.07 0.00 -2.00 0.02 0.01 -30.00 11.73 374.33 2.62 Max-Iter
14.02 82.37 13.07 0.01 -2.00 0.29 0.12 -30.00 11.73 900.82 1.27 Solved
14.09 88.91 12.07 0.15 -0.08 0.26 0.10 -30.00 13.51 930.23 2.65 Max-Iter
15.23 94.95 12.03 0.28 -0.28 0.08 0.03 -30.00 12.86 881.16 2.72 Max-Iter
17.31 100.96 11.89 0.32 -0.61 0.01 0.00 -30.00 13.59 889.29 2.63 Max-Iter
19.68 106.91 11.59 0.33 -0.14 -0.05 -0.02 -30.00 13.65 886.55 2.63 Max-Iter
22.07 112.71 11.52 0.30 0.67 -0.11 -0.04 -30.01 13.82 827.08 2.56 Max-Iter
24.27 118.47 11.86 0.24 1.38 -0.15 -0.06 -29.99 14.04 693.13 2.60 Max-Iter
26.06 124.39 12.55 0.17 1.12 -0.12 -0.05 -30.00 14.06 515.62 2.65 Max-Iter
27.30 130.67 13.11 0.11 1.48 -0.09 -0.04 -30.00 16.29 613.30 2.64 Max-Iter
28.10 137.22 13.85 0.06 0.74 -0.09 -0.04 -24.43 15.50 348.27 2.60 Max-Iter
28.57 144.15 14.22 0.02 -0.01 -0.10 -0.04 -30.00 14.32 254.66 2.65 Max-Iter
28.70 151.26 14.21 -0.03 -0.00 -0.09 -0.04 -30.00 14.33 187.54 2.60 Max-Iter
28.46 158.36 14.21 -0.08 -0.00 -0.08 -0.03 -30.00 14.32 138.08 2.62 Max-Iter
27.91 165.47 14.21 -0.11 -0.01 -0.07 -0.03 -30.00 14.27 100.76 2.62 Max-Iter
27.08 172.57 14.21 -0.15 0.00 -0.06 -0.03 -30.00 14.35 72.40 2.63 Max-Iter
