14.00 2.00 14.67 0.00 -0.00 0.00 0.00 0.00 14.67 519.84 0.16 Solved
14.00 9.33 14.67 0.00 -0.00 0.00 0.00 0.00 14.67 486.94 0.12 Solved
14.00 16.67 14.67 0.00 -0.00 0.00 0.00 0.00 14.67 455.11 0.11 Solved
14.00 24.00 14.67 0.00 0.00 0.00 0.00 0.00 14.67 424.36 0.11 Solved
14.00 31.33 14.67 0.00 0.00 0.00 0.00 0.00 14.67 394.68 0.11 Solved
14.00 38.67 14.67 0.00 -0.00 0.00 0.00 0.00 14.67 366.08 0.09 Solved
14.00 46.00 14.67 0.00 0.00 -0.00 -0.00 0.00 14.67 338.56 1.64 Solved
14.00 53.33 14.67 -0.00 -0.01 0.16 0.07 -20.44 14.66 312.33 1.29 Solved
14.00 60.67 14.66 0.08 0.00 0.24 0.11 -37.32 14.67 306.98 1.41 Solved
14.57 67.97 14.66 0.20 0.00 0.22 0.10 -44.53 14.67 396.23 1.60 Solved
16.01 75.16 14.66 0.31 0.00 0.19 0.09 -45.00 14.67 579.70 1.55 Solved
18.24 82.15 14.66 0.41 0.00 0.16 0.07 -45.00 14.67 839.20 1.51 Solved
21.13 88.88 14.66 0.48 0.00 0.11 0.05 -45.00 14.67 1141.02 1.57 Solved
24.55 95.37 14.67 0.54 0.00 0.06 0.03 -45.00 14.67 1439.84 1.57 Solved
28.33 101.66 14.67 0.57 0.00 -0.01 -0.00 -45.00 14.67 1686.35 1.53 Solved
32.28 107.83 14.67 0.57 0.00 -0.09 -0.04 -45.00 14.67 1829.07 1.41 Solved
36.21 114.02 14.67 0.52 -0.00 -0.09 -0.04 -45.00 14.67 1804.03 1.22 Solved
39.87 120.38 14.67 0.48 -0.00 -0.10 -0.04 -45.00 14.67 1775.15 1.46 Solved
43.24 126.89 14.67 0.43 -0.00 -0.10 -0.05 -45.00 14.67 1742.07 1.20 Solved
46.28 133.56 14.67 0.38 -0.00 -0.11 -0.05 -45.00 14.67 1704.25 1.52 Solved
48.97 140.38 14.67 0.32 -0.00 -0.12 -0.05 -45.00 14.67 1660.93 1.34 Solved
51.27 147.35 14.66 0.26 -0.00 -0.13 -0.06 -45.00 14.67 1611.04 1.26 Solved
53.14 154.44 14.66 0.19 -0.00 -0.14 -0.06 -45.00 14.67 1553.12 1.40 Solved
54.55 161.63 14.66 0.12 -0.00 -0.16 -0.07 -45.00 14.67 1485.13 1.27 Solved
55.45 168.91 14.66 0.04 -0.00 -0.17 -0.08 -45.00 14.67 1404.17 1.37 Solved
55.78 176.23 14.66 -0.04 -0.00 -0.19 -0.09 -45.00 14.66 1305.99 1.22 Solved
55.48 183.56 14.66 -0.14 -0.00 -0.22 -0.10 -45.00 14.66 1184.15 1.24 Solved
54.47 190.82 14.66 -0.25 -0.01 -0.27 -0.12 -45.00 14.66 1028.21 1.43 Solved
52.65 197.92 14.66 -0.39 -3.32 -0.22 -0.10 -45.00 11.98 841.54 1.66 Solved
49.88 204.71 12.99 -0.50 -4.00 -0.17 -0.07 -45.00 9.29 754.14 1.77 Solved
46.78 210.41 10.99 -0.58 -4.00 -0.10 -0.04 -45.00 6.61 747.95 0.40 Solved
43.76 215.01 8.99 -0.63 -4.00 -0.04 -0.01 -45.00 3.92 830.73 0.34 Solved
41.10 218.63 6.99 -0.66 -4.00 0.00 0.00 -44.06 1.24 1012.73 0.36 Solved
38.97 221.41 4.99 -0.66 -4.00 -0.00 -0.00 -37.06 0.00 1293.21 0.31 Solved
37.45 223.39 2.99 -0.66 -4.00 -0.00 -0.00 -33.07 0.00 1627.76 0.29 Solved
36.54 224.57 0.99 -0.66 -4.00 -0.00 -0.00 -30.69 -0.00 2022.11 0.23 Solved
36.23 224.97 -1.01 -0.66 -4.00 -0.00 0.00 -28.31 -0.00 2467.69 0.25 Solved
