32.00 2.00 14.67 0.00 -0.00 0.00 0.00 0.00 14.67 519.84 0.26 Solved
32.00 9.33 14.67 0.00 -0.00 -0.00 -0.00 0.00 14.67 486.94 1.68 Solved
32.00 16.67 14.67 -0.00 0.00 0.00 0.00 -0.00 14.67 455.11 3.60 Solved
32.00 24.00 14.67 -0.00 -0.00 0.00 0.00 -0.00 14.67 424.36 6.76 Solved
32.00 31.33 14.67 0.00 -0.01 0.19 0.09 -24.09 14.66 395.01 6.37 Solved
32.00 38.67 14.66 0.09 0.01 0.20 0.09 -31.68 14.67 395.63 6.09 Solved
32.69 45.96 14.66 0.19 0.00 0.17 0.08 -33.29 14.67 468.32 6.13 Solved
34.11 53.16 14.67 0.28 0.00 0.13 0.06 -35.04 14.67 589.37 8.47 Solved
36.12 60.21 14.67 0.34 0.00 0.10 0.05 -36.97 14.67 735.76 8.78 Solved
38.60 67.11 14.67 0.39 0.00 0.07 0.03 -39.08 14.67 887.15 11.58 Solved
41.42 73.88 14.67 0.43 -0.00 0.03 0.02 -41.40 14.67 1026.01 12.15 Solved
44.46 80.56 14.67 0.44 -0.00 -0.00 -0.00 -43.96 14.67 1137.65 11.66 Solved
47.61 87.18 14.67 0.44 -0.00 -0.00 -0.00 -46.77 14.67 1210.28 10.97 Solved
50.77 93.80 14.67 0.44 -0.00 -0.00 -0.00 -49.88 14.67 1297.19 18.28 Solved
53.92 100.42 14.67 0.44 -0.00 0.00 0.00 -53.29 14.67 1400.81 18.17 Solved
57.07 107.04 14.67 0.44 -0.00 0.00 0.00 -57.04 14.67 1524.05 23.96 Solved
60.22 113.67 14.67 0.44 -0.00 -0.00 -0.00 -61.14 14.67 1670.43 23.38 Solved
63.37 120.29 14.67 0.44 -0.00 -0.00 -0.00 -65.58 14.67 1844.20 23.55 Solved
66.52 126.91 14.67 0.44 -0.00 -0.20 -0.09 -30.00 14.67 2051.10 21.10 Solved
69.67 133.53 14.66 0.34 -0.00 -0.19 -0.09 -30.00 14.67 1793.92 22.55 Solved
72.14 140.43 14.66 0.25 -0.00 -0.18 -0.08 -30.00 14.67 1575.72 22.85 Solved
73.96 147.54 14.66 0.16 -0.00 -0.18 -0.08 -30.00 14.67 1387.36 11.17 Solved
75.12 154.78 14.66 0.07 -0.00 -0.18 -0.08 -30.00 14.67 1221.24 11.54 Solved
75.63 162.09 14.66 -0.02 -0.00 -0.18 -0.08 -30.00 14.67 1070.77 11.59 Solved
75.50 169.42 14.66 -0.11 -0.00 -0.18 -0.08 -30.00 14.67 929.92 11.31 Solved
74.72 176.71 14.66 -0.20 -0.00 -0.20 -0.09 -30.00 14.67 792.78 11.46 Solved
73.27 183.90 14.66 -0.30 -0.00 -0.22 -0.10 -30.00 14.67 653.03 11.97 Solved
71.12 190.91 14.66 -0.41 -0.00 -0.25 -0.12 -30.00 14.66 503.61 11.39 Solved
68.22 197.64 14.66 -0.53 -0.54 -0.52 -0.24 54.72 14.43 344.97 137.72 Max-Iter
