32.00 2.00 14.67 0.00 -0.00 0.15 0.07 -18.05 14.67 520.03 3.11 Solved
32.00 9.33 14.67 0.08 0.00 0.13 0.06 -18.81 14.67 506.18 3.31 Solved
32.56 16.65 14.67 0.14 0.00 0.10 0.05 -19.63 14.67 522.09 3.01 Solved
33.58 23.91 14.67 0.19 0.00 0.08 0.03 -20.53 14.67 554.44 6.00 Solved
34.98 31.11 14.67 0.23 0.00 0.05 0.02 -21.51 14.67 591.53 5.79 Solved
36.64 38.25 14.67 0.25 0.00 0.03 0.01 -22.59 14.67 623.42 5.78 Solved
38.49 45.34 14.67 0.27 -0.00 0.00 0.00 -23.77 14.67 642.11 5.27 Solved
40.43 52.42 14.67 0.27 -0.00 0.00 0.00 -25.07 14.67 641.71 5.08 Solved
42.37 59.49 14.67 0.27 -0.00 0.00 0.00 -26.52 14.67 645.54 5.28 Solved
44.31 66.56 14.67 0.27 -0.00 -0.00 -0.00 -28.12 14.67 654.13 9.67 Solved
46.24 73.63 14.67 0.27 -0.00 -0.00 -0.00 -29.92 14.67 668.14 13.20 Solved
48.18 80.71 14.67 0.27 -0.00 -0.01 -0.00 -30.00 14.67 688.38 19.31 Solved
50.12 87.78 14.67 0.26 -0.00 -0.02 -0.01 -30.00 14.67 703.86 18.85 Solved
52.03 94.86 14.67 0.25 -0.00 -0.03 -0.01 -30.00 14.67 714.05 20.44 Solved
53.87 101.96 14.67 0.24 -0.00 -0.03 -0.02 -30.00 14.67 719.04 25.78 Solved
55.61 109.08 14.67 0.22 -0.00 -0.04 -0.02 -30.00 14.67 718.94 23.84 Solved
57.23 116.23 14.67 0.20 -0.00 -0.05 -0.02 -30.00 14.67 713.82 30.56 Solved
58.70 123.42 14.67 0.18 -0.00 -0.06 -0.03 -30.00 14.67 703.63 20.40 Solved
59.98 130.64 14.67 0.15 -0.00 -0.07 -0.03 -30.00 14.67 688.23 19.63 Solved
61.05 137.89 14.67 0.11 -0.00 -0.08 -0.04 -30.00 14.67 667.23 18.13 Solved
61.88 145.18 14.67 0.07 -0.00 -0.09 -0.04 -30.00 14.67 640.03 19.56 Solved
62.42 152.49 14.67 0.03 -0.00 -0.10 -0.05 -30.00 14.67 605.65 24.30 Solved
62.64 159.82 14.67 -0.02 -0.00 -0.12 -0.05 -30.00 14.67 562.62 21.81 Solved
62.49 167.15 14.66 -0.08 -0.00 -0.13 -0.06 -30.00 14.67 508.82 15.58 Solved
61.93 174.46 14.66 -0.14 -0.00 -0.16 -0.07 -30.00 14.67 441.18 15.20 Solved
60.87 181.72 14.66 -0.22 -0.00 -0.20 -0.09 -30.00 14.67 355.60 9.30 Acceptable
59.23 188.87 14.66 -0.32 -0.12 -0.23 -0.10 116.69 14.90 251.16 65.06 Max-Iter
