32.00 2.00 14.67 0.00 0.00 0.00 0.00 -0.00 14.67 519.84 4.38 Solved
32.00 9.33 14.67 0.00 -0.00 0.00 0.00 -0.00 14.67 486.94 4.04 Solved
32.00 16.67 14.67 0.00 -0.00 0.00 0.00 -0.00 14.67 455.11 6.61 Solved
32.00 24.00 14.67 0.00 0.00 0.00 0.00 -0.00 14.67 424.36 9.10 Solved
32.00 31.33 14.67 0.00 0.00 0.00 0.00 -0.00 14.67 394.68 14.46 Solved
32.00 38.67 14.67 0.00 -0.00 0.00 0.00 -0.00 14.67 366.08 19.24 Solved
32.00 46.00 14.67 0.00 -0.00 0.00 0.00 -0.00 14.67 338.56 17.85 Solved
32.00 53.33 14.67 0.00 0.00 0.00 0.00 -0.00 14.67 312.11 21.49 Solved
32.00 60.67 14.67 0.00 -0.00 0.00 0.00 -0.00 14.67 286.74 22.39 Solved
32.00 68.00 14.67 0.00 0.00 0.00 0.00 -0.00 14.67 262.44 21.51 Solved
32.00 75.33 14.67 0.00 -0.00 -0.00 -0.00 -0.00 14.67 239.22 22.61 Solved
32.00 82.67 14.67 0.00 0.00 0.00 0.00 -0.00 14.67 217.07 23.67 Solved
32.00 90.00 14.67 0.00 -0.00 -0.00 -0.00 -0.00 14.67 196.00 22.94 Solved
32.00 97.33 14.67 0.00 0.00 0.00 0.00 -0.00 14.67 176.00 33.92 Solved
32.00 104.67 14.67 0.00 -0.00 -0.00 -0.00 -0.00 14.67 157.08 35.56 Solved
32.00 112.00 14.67 0.00 0.00 -0.00 -0.00 -0.00 14.67 139.24 34.99 Solved
32.00 119.33 14.67 0.00 -0.00 0.00 0.00 -0.00 14.67 122.47 26.68 Solved
32.00 126.67 14.67 0.00 -0.00 -0.00 -0.00 -0.00 14.67 106.78 26.64 Solved
32.00 134.00 14.67 0.00 -0.00 0.00 0.00 -0.00 14.67 92.16 28.66 Solved
32.00 141.33 14.67 0.00 0.00 0.00 0.00 -0.00 14.67 78.62 30.29 Solved
32.00 148.67 14.67 0.00 -0.00 0.00 0.00 -0.00 14.67 66.15 26.53 Solved
32.00 156.00 14.67 0.00 0.00 0.00 0.00 -0.00 14.67 54.76 8.71 Solved
32.00 163.33 14.67 0.00 0.00 0.00 0.00 -0.00 14.67 44.44 8.72 Solved
32.00 170.67 14.67 0.00 -0.00 -0.00 -0.00 -0.00 14.67 35.20 9.60 Solved
32.00 178.00 14.67 0.00 -0.00 0.00 0.00 -0.00 14.67 27.04 8.54 Solved
