32.00 2.00 14.67 0.00 -0.00 0.00 0.00 -0.00 14.67 519.84 4.16 Solved
32.00 9.33 14.67 0.00 0.00 0.00 0.00 -0.00 14.67 486.94 3.83 Solved
32.00 16.67 14.67 0.00 0.00 0.00 0.00 -0.00 14.67 455.11 10.06 Solved
32.00 24.00 14.67 0.00 -0.01 0.32 0.14 -40.01 14.66 425.27 8.79 Solved
32.00 31.33 14.66 0.16 0.01 0.28 0.13 -44.56 14.67 477.23 12.99 Solved
33.15 38.57 14.66 0.30 0.01 -0.20 -0.09 -2.51 14.67 666.09 11.03 Solved
35.29 45.59 14.67 0.20 0.00 -0.16 -0.07 -2.65 14.67 490.84 20.84 Solved
36.72 52.78 14.67 0.12 -0.01 -0.11 -0.05 3.00 14.67 382.36 18.23 Acceptable
37.58 60.06 14.67 0.06 -0.00 -0.10 -0.04 3.19 14.67 317.33 19.04 Solved
38.02 67.38 14.66 0.01 -0.00 -0.08 -0.04 3.40 14.67 272.55 24.77 Solved
38.10 74.71 14.66 -0.03 0.00 -0.06 -0.03 3.64 14.67 241.98 33.17 Solved
37.90 82.04 14.66 -0.06 0.00 -0.04 -0.02 3.91 14.67 220.22 31.27 Solved
37.48 89.36 14.66 -0.08 0.00 -0.02 -0.01 4.23 14.67 202.72 28.62 Solved
36.92 96.68 14.67 -0.09 0.00 0.00 0.00 4.61 14.67 186.04 38.92 Solved
36.29 103.98 14.67 -0.09 -0.00 -0.04 -0.02 11.11 14.67 168.02 35.06 Solved
35.66 111.29 14.67 -0.11 0.00 -0.04 -0.02 13.25 14.67 160.43 35.70 Solved
34.87 118.58 14.67 -0.13 0.00 -0.03 -0.01 14.82 14.67 157.53 31.31 Solved
33.94 125.85 14.67 -0.14 0.00 -0.03 -0.01 16.82 14.67 158.56 34.82 Solved
32.91 133.11 14.67 -0.15 0.00 -0.02 -0.01 19.41 14.67 163.21 27.26 Solved
31.78 140.36 14.67 -0.16 -0.00 -0.01 -0.01 22.90 14.67 171.41 26.63 Solved
30.58 147.59 14.67 -0.17 -0.00 -0.01 -0.00 27.79 14.67 183.39 17.14 Solved
29.34 154.82 14.67 -0.17 -0.00 -0.00 -0.00 35.02 14.67 199.76 10.91 Solved
28.07 162.04 14.67 -0.17 -0.00 0.00 0.00 46.26 14.67 221.77 10.57 Solved
26.80 169.27 14.67 -0.17 -0.00 0.12 0.05 30.00 14.67 257.08 7.31 Solved
25.54 176.49 14.67 -0.11 -0.00 0.17 0.08 30.00 14.67 209.24 5.93 Solved
