32.00 2.00 14.67 0.00 -0.00 -0.03 -0.01 3.83 14.67 519.85 1.71 Solved
32.00 9.33 14.67 -0.02 -0.00 -0.03 -0.01 3.99 14.67 487.80 3.06 Solved
31.88 16.67 14.67 -0.03 -0.00 -0.02 -0.01 4.17 14.67 458.11 3.32 Solved
31.66 24.00 14.67 -0.04 0.00 -0.02 -0.01 4.37 14.67 430.18 5.51 Solved
31.37 31.32 14.67 -0.05 0.00 -0.01 -0.00 4.59 14.67 403.50 9.21 Solved
31.01 38.65 14.67 -0.05 -0.00 -0.01 -0.00 4.00 14.67 377.62 8.65 Solved
30.62 45.97 14.67 -0.06 0.00 0.06 0.03 -2.20 14.67 352.21 8.88 Solved
30.20 53.29 14.67 -0.03 0.00 0.05 0.02 -2.32 14.67 316.90 11.92 Solved
30.00 60.62 14.67 -0.00 0.00 0.04 0.02 -2.47 14.67 287.64 15.63 Solved
29.98 67.95 14.67 0.02 0.00 0.03 0.01 -2.63 14.67 262.69 21.54 Solved
30.11 75.29 14.67 0.03 0.00 0.02 0.01 -2.82 14.67 240.61 23.76 Solved
30.34 82.62 14.67 0.04 -0.00 0.01 0.00 -3.03 14.67 220.18 21.32 Solved
30.64 89.94 14.67 0.05 -0.00 0.00 0.00 -3.28 14.67 200.51 26.46 Solved
30.98 97.27 14.67 0.05 -0.00 -0.00 -0.00 -3.58 14.67 181.01 25.18 Solved
31.31 104.60 14.67 0.05 -0.00 0.00 0.00 -3.93 14.67 162.67 40.18 Solved
31.65 111.92 14.67 0.05 -0.00 -0.00 -0.00 -4.36 14.67 145.52 40.48 Solved
31.99 119.25 14.67 0.05 -0.00 0.00 0.00 -4.90 14.67 129.59 42.23 Solved
32.33 126.57 14.67 0.05 -0.00 -0.00 -0.00 -5.59 14.67 114.92 34.42 Solved
32.66 133.90 14.67 0.05 -0.00 0.00 0.00 -6.50 14.67 101.56 34.15 Solved
33.00 141.22 14.67 0.05 -0.00 -0.00 -0.00 -7.76 14.67 89.61 29.38 Solved
33.34 148.55 14.67 0.05 -0.00 0.00 0.00 -9.63 14.67 79.17 28.87 Solved
33.68 155.87 14.67 0.05 -0.00 -0.00 -0.00 -12.66 14.67 70.45 21.03 Solved
34.01 163.20 14.67 0.05 -0.00 -0.00 -0.00 -18.38 14.67 63.71 17.83 Solved
34.35 170.53 14.67 0.05 -0.00 -0.01 -0.00 -30.00 14.67 59.46 14.72 Solved
34.69 177.85 14.67 0.04 -0.00 -0.08 -0.03 -30.00 14.67 56.70 17.46 Solved
