32.00 2.00 14.67 0.00 -0.00 0.00 0.00 -0.00 14.67 519.84 2.19 Solved
32.00 9.33 14.67 0.00 0.00 0.00 0.00 -0.00 14.67 486.94 2.03 Solved
32.00 16.67 14.67 0.00 0.00 0.00 0.00 -0.00 14.67 455.11 1.99 Solved
32.00 24.00 14.67 0.00 0.00 0.00 0.00 -0.00 14.67 424.36 3.57 Solved
32.00 31.33 14.67 0.00 -0.00 0.00 0.00 -0.00 14.67 394.68 6.37 Solved
32.00 38.67 14.67 0.00 -0.00 -0.00 -0.00 -0.00 14.67 366.08 9.94 Solved
32.00 46.00 14.67 0.00 0.00 -0.00 -0.00 -0.00 14.67 338.56 9.76 Solved
32.00 53.33 14.67 0.00 -0.00 -0.00 -0.00 0.00 14.67 312.11 14.57 Solved
32.00 60.67 14.67 0.00 -0.02 -0.42 -0.19 30.00 14.66 288.04 15.28 Solved
32.00 68.00 14.66 -0.21 0.01 0.13 0.06 2.78 14.67 405.03 11.39 Solved
30.48 75.17 14.66 -0.14 0.00 0.10 0.05 2.98 14.67 316.94 15.41 Solved
29.44 82.43 14.66 -0.09 -0.03 0.16 0.07 26.64 14.66 257.20 25.20 Solved
28.77 89.73 14.65 -0.01 -0.01 0.01 0.00 28.71 14.67 201.14 24.24 Solved
28.69 97.05 14.65 -0.01 0.00 -0.14 -0.06 31.08 14.67 180.37 31.91 Solved
28.65 104.38 14.65 -0.08 0.01 -0.28 -0.13 33.83 14.67 192.40 40.42 Solved
28.10 111.68 14.65 -0.22 0.01 -0.19 -0.09 37.05 14.67 343.85 43.39 Solved
26.53 118.84 14.66 -0.31 0.01 -0.10 -0.04 40.82 14.67 550.95 37.43 Solved
24.28 125.81 14.66 -0.36 0.01 -0.00 -0.00 45.27 14.67 726.23 30.83 Solved
21.70 132.67 14.66 -0.36 0.00 -0.00 -0.00 50.53 14.67 805.70 29.41 Solved
19.12 139.54 14.67 -0.36 0.00 0.00 0.00 56.72 14.67 907.55 37.13 Solved
16.54 146.40 14.67 -0.36 -0.00 0.16 0.07 30.00 14.67 1038.67 27.75 Solved
13.96 153.26 14.66 -0.28 -0.00 0.17 0.08 30.00 14.67 918.44 18.74 Solved
11.94 160.31 14.66 -0.20 -0.00 0.18 0.08 30.00 14.67 801.15 15.20 Solved
10.50 167.50 14.66 -0.11 -0.00 0.19 0.09 30.00 14.67 681.78 15.21 Solved
9.70 174.79 14.66 -0.01 -0.00 0.22 0.10 30.00 14.66 554.60 16.00 Solved
9.60 182.12 14.66 0.10 -0.00 0.26 0.12 30.00 14.66 413.08 11.59 Solved
