32.00 2.00 14.67 0.00 -0.00 0.00 0.00 -0.00 14.67 519.84 4.14 Solved
32.00 9.33 14.67 0.00 -0.00 0.01 0.00 -1.18 14.67 486.94 3.37 Solved
32.00 16.67 14.67 0.00 -0.00 0.01 0.00 -1.23 14.67 455.19 3.11 Solved
32.04 24.00 14.67 0.01 -0.00 0.01 0.00 -1.29 14.67 424.64 5.97 Solved
32.10 31.33 14.67 0.01 -0.02 0.25 0.12 -34.27 14.66 395.84 8.38 Solved
32.19 38.67 14.66 0.14 0.01 -0.04 -0.02 -6.16 14.67 430.38 9.03 Solved
33.21 45.92 14.66 0.12 0.00 -0.03 -0.01 -6.50 14.67 391.00 8.70 Solved
34.08 53.20 14.67 0.10 0.00 -0.03 -0.01 -6.88 14.67 356.06 12.82 Solved
34.84 60.50 14.67 0.09 0.00 -0.02 -0.01 -7.31 14.67 325.01 12.95 Solved
35.50 67.80 14.67 0.08 0.00 -0.01 -0.01 -7.79 14.67 297.47 11.68 Solved
36.09 75.11 14.67 0.07 0.00 -0.01 -0.00 -8.33 14.67 273.24 12.20 Solved
36.63 82.42 14.67 0.07 -0.00 0.00 0.00 -8.96 14.67 252.33 13.92 Solved
37.15 89.74 14.67 0.07 -0.00 0.00 0.00 -9.70 14.67 235.00 32.56 Solved
37.67 97.05 14.67 0.07 -0.00 -0.10 -0.05 3.52 14.67 219.46 31.65 Solved
38.19 104.37 14.67 0.02 -0.00 -0.08 -0.04 3.86 14.67 174.19 30.75 Solved
38.34 111.70 14.67 -0.02 0.00 -0.07 -0.03 4.28 14.67 143.69 37.01 Solved
38.18 119.03 14.67 -0.06 0.00 -0.05 -0.02 4.81 14.67 123.54 29.35 Solved
37.77 126.35 14.67 -0.08 0.00 -0.03 -0.02 5.48 14.67 109.88 30.18 Solved
37.18 133.66 14.67 -0.10 0.00 -0.02 -0.01 6.36 14.67 99.50 28.41 Solved
36.46 140.96 14.67 -0.11 0.00 0.00 0.00 7.59 14.67 89.90 24.81 Solved
35.68 148.25 14.67 -0.11 0.00 0.00 0.00 9.39 14.67 79.33 22.09 Solved
34.90 155.54 14.67 -0.11 0.00 0.00 0.00 12.30 14.67 70.44 21.73 Solved
34.13 162.83 14.67 -0.11 0.00 0.00 0.00 17.75 14.67 63.51 17.19 Solved
33.35 170.13 14.67 -0.11 0.00 0.00 0.00 31.03 14.67 58.98 15.71 Solved
32.57 177.42 14.67 -0.11 -0.00 0.07 0.03 30.00 14.67 57.70 15.80 Solved
