32.00 2.00 14.67 0.00 0.00 0.00 0.00 -0.00 14.67 519.84 2.69 Solved
32.00 9.33 14.67 0.00 -0.00 0.00 0.00 -0.00 14.67 486.94 4.23 Solved
32.00 16.67 14.67 0.00 0.00 0.00 0.00 -0.00 14.67 455.11 7.26 Solved
32.00 24.00 14.67 0.00 -0.00 0.00 0.00 -0.00 14.67 424.36 7.28 Solved
32.00 31.33 14.67 0.00 -0.00 0.00 0.00 -0.00 14.67 394.68 6.99 Solved
32.00 38.67 14.67 0.00 -0.00 0.00 0.00 -0.00 14.67 366.08 6.67 Solved
32.00 46.00 14.67 0.00 0.00 0.00 0.00 -0.00 14.67 338.56 9.87 Solved
32.00 53.33 14.67 0.00 0.00 -0.00 -0.00 -0.00 14.67 312.11 13.59 Solved
32.00 60.67 14.67 0.00 0.00 0.00 0.00 -0.00 14.67 286.74 12.72 Solved
32.00 68.00 14.67 0.00 -0.00 0.00 0.00 -0.00 14.67 262.44 12.78 Solved
32.00 75.33 14.67 0.00 0.00 0.00 0.00 -0.00 14.67 239.22 13.01 Solved
32.00 82.67 14.67 0.00 0.00 0.00 0.00 -0.00 14.67 217.07 12.91 Solved
32.00 90.00 14.67 0.00 0.00 0.00 0.00 -0.00 14.67 196.00 18.21 Solved
32.00 97.33 14.67 0.00 -0.00 0.00 0.00 -0.00 14.67 176.00 22.91 Solved
32.00 104.67 14.67 0.00 -0.01 0.15 0.07 -22.81 14.66 157.29 33.62 Solved
32.00 112.00 14.66 0.08 -0.00 -0.26 -0.12 31.07 14.66 158.82 33.60 Solved
32.56 119.31 14.66 -0.05 0.01 0.40 0.18 -47.19 14.67 130.81 161.22 Solved
32.18 126.63 14.66 0.15 0.01 0.32 0.15 -52.23 14.67 182.38 104.12 Solved
33.27 133.88 14.67 0.31 0.00 0.24 0.11 -58.05 14.67 436.26 26.71 Solved
35.51 140.86 14.67 0.43 0.00 0.16 0.07 -64.73 14.67 804.79 23.81 Solved
38.57 147.53 14.67 0.51 0.00 0.08 0.04 -72.22 14.67 1211.14 22.11 Solved
42.15 153.92 14.67 0.55 -0.00 -0.00 -0.00 -80.39 14.67 1590.04 22.75 Solved
45.99 160.18 14.67 0.55 -0.00 -0.00 -0.00 -88.97 14.67 1887.38 21.66 Solved
49.82 166.43 14.67 0.55 -0.01 -0.35 -0.16 -30.00 14.66 2272.34 18.90 Solved
53.66 172.68 14.66 0.37 -0.01 -0.36 -0.16 -30.00 14.66 1808.86 14.39 Solved
56.33 179.50 14.66 0.19 -0.01 -0.38 -0.17 -30.00 14.66 1387.89 11.53 Solved
57.74 186.70 14.65 0.00 -0.01 -0.43 -0.19 -30.00 14.66 985.97 11.80 Solved
