32.00 2.00 14.67 0.00 0.00 -0.00 -0.00 0.00 14.67 519.84 2.30 Solved
32.00 9.33 14.67 -0.00 -0.00 -0.00 -0.00 0.00 14.67 486.94 2.01 Solved
32.00 16.67 14.67 -0.00 -0.00 -0.00 -0.00 0.00 14.67 455.11 6.65 Solved
32.00 24.00 14.67 -0.00 0.00 -0.00 -0.00 0.00 14.67 424.36 6.70 Solved
32.00 31.33 14.67 -0.00 -0.00 -0.00 -0.00 0.00 14.67 394.68 15.14 Solved
32.00 38.67 14.67 -0.00 -0.00 -0.04 -0.02 4.62 14.67 366.10 19.19 Solved
32.00 46.00 14.67 -0.02 -0.00 -0.03 -0.01 4.88 14.67 339.72 15.39 Solved
31.86 53.33 14.67 -0.03 -0.00 -0.03 -0.01 5.16 14.67 316.18 16.22 Solved
31.61 60.66 14.67 -0.05 0.00 -0.02 -0.01 5.48 14.67 294.72 21.55 Solved
31.27 67.99 14.67 -0.06 0.00 -0.01 -0.01 5.85 14.67 274.66 28.60 Solved
30.85 75.31 14.67 -0.06 0.00 -0.01 -0.00 6.26 14.67 255.43 28.27 Solved
30.39 82.63 14.67 -0.07 0.00 0.00 0.00 6.74 14.67 236.53 25.08 Solved
29.91 89.94 14.67 -0.07 0.00 -0.00 -0.00 7.29 14.67 217.58 23.20 Solved
29.43 97.26 14.67 -0.07 0.00 -0.00 -0.00 7.94 14.67 200.07 28.20 Solved
28.95 104.58 14.67 -0.07 0.00 0.00 0.00 8.72 14.67 184.07 43.13 Solved
28.47 111.90 14.67 -0.07 0.00 0.00 0.00 9.67 14.67 169.69 47.20 Solved
27.98 119.21 14.67 -0.07 0.00 0.00 0.00 10.84 14.67 157.08 46.25 Solved
27.50 126.53 14.67 -0.07 0.00 -0.00 -0.00 12.34 14.67 146.44 47.42 Solved
27.02 133.85 14.67 -0.07 0.00 -0.00 -0.00 14.31 14.67 138.06 39.84 Solved
26.54 141.17 14.67 -0.07 0.00 0.00 0.00 16.99 14.67 132.34 31.79 Solved
26.05 148.48 14.67 -0.07 0.00 -0.00 -0.00 20.87 14.67 129.87 23.98 Solved
25.57 155.80 14.67 -0.07 0.00 -0.00 -0.00 26.87 14.67 131.52 24.55 Solved
25.09 163.12 14.67 -0.07 0.00 -0.00 -0.00 37.06 14.67 138.68 12.77 Solved
24.61 170.44 14.67 -0.07 0.00 -0.00 -0.00 56.00 14.67 153.61 9.21 Solved
24.13 177.75 14.67 -0.07 -0.01 0.17 0.08 30.00 14.67 180.45 8.73 Solved
