32.00 2.00 14.67 0.00 0.00 -0.00 -0.00 0.00 14.67 519.84 3.52 Solved
32.00 9.33 14.67 -0.00 -0.00 0.04 0.02 -4.82 14.67 486.95 2.94 Solved
32.00 16.67 14.67 0.02 0.00 0.05 0.02 -7.81 14.67 456.46 3.29 Solved
32.15 24.00 14.67 0.05 0.00 0.04 0.02 -8.18 14.67 431.69 3.23 Solved
32.49 31.32 14.67 0.07 0.00 0.03 0.02 -8.58 14.67 411.19 3.30 Solved
32.99 38.64 14.67 0.09 0.00 0.03 0.01 -9.03 14.67 393.39 2.72 Solved
33.62 45.95 14.67 0.10 -0.00 0.02 0.01 -9.53 14.67 376.87 3.35 Solved
34.34 53.24 14.67 0.11 -0.00 0.01 0.00 -10.08 14.67 360.45 3.42 Solved
35.13 60.54 14.67 0.11 -0.00 -0.00 -0.00 -10.70 14.67 343.15 7.63 Solved
35.95 67.82 14.67 0.11 -0.00 -0.00 -0.00 -11.40 14.67 324.19 8.07 Solved
36.77 75.11 14.67 0.11 -0.00 0.00 0.00 -12.19 14.67 307.05 13.37 Solved
37.59 82.40 14.67 0.11 -0.00 -0.00 -0.00 -13.10 14.67 291.88 12.50 Solved
38.41 89.69 14.67 0.11 -0.00 0.00 0.00 -14.16 14.67 278.86 23.46 Solved
39.23 96.97 14.67 0.11 -0.00 0.17 0.08 -38.86 14.67 268.49 23.75 Solved
40.05 104.26 14.67 0.20 -0.00 0.15 0.07 -42.09 14.67 385.96 36.06 Solved
41.50 111.45 14.67 0.27 0.00 0.12 0.05 -45.78 14.67 548.18 40.47 Solved
43.47 118.51 14.67 0.33 -0.00 0.10 0.05 -56.03 14.67 741.28 37.04 Solved
45.85 125.45 14.66 0.38 0.00 0.09 0.04 -62.48 14.67 970.73 33.12 Solved
48.57 132.26 14.67 0.42 0.00 0.07 0.03 -68.09 14.67 1242.60 26.68 Solved
51.57 138.95 14.67 0.46 0.00 0.06 0.03 -74.18 14.67 1558.21 28.61 Solved
54.82 145.52 14.67 0.49 0.00 0.04 0.02 -80.65 14.67 1921.30 24.06 Solved
58.24 152.01 14.67 0.51 -0.00 0.03 0.01 -87.37 14.67 2336.78 25.70 Solved
61.80 158.42 14.67 0.52 0.00 0.01 0.01 -90.00 14.67 2810.33 27.75 Solved
65.45 164.78 14.67 0.53 -0.00 -0.05 -0.02 -90.00 14.67 3347.46 25.24 Solved
69.14 171.12 14.67 0.50 -0.00 -0.08 -0.04 -90.00 14.67 3761.52 24.96 Solved
72.66 177.55 14.66 0.46 -0.01 -0.43 -0.20 -30.00 14.66 4168.97 16.69 Solved
75.92 184.12 14.66 0.25 -0.01 -0.42 -0.19 -30.00 14.66 3394.80 15.41 Solved
77.71 191.23 14.65 0.04 -0.00 -0.42 -0.19 -30.00 14.66 2724.47 11.89 Solved
77.99 198.55 14.65 -0.17 -0.00 -0.43 -0.20 -30.00 14.66 2128.24 11.08 Solved
76.73 205.77 14.65 -0.39 -0.01 -0.47 -0.21 -30.00 14.66 1574.27 11.96 Solved
