32.00 2.00 14.67 0.00 -0.00 0.00 0.00 0.00 14.67 519.84 0.24 Solved
32.00 9.33 14.67 0.00 0.00 0.00 0.00 0.00 14.67 486.94 2.21 Solved
32.00 16.67 14.67 0.00 0.00 0.00 0.00 -0.00 14.67 455.11 1.89 Solved
32.00 24.00 14.67 0.00 -0.00 -0.00 -0.00 -0.00 14.67 424.36 3.93 Solved
32.00 31.33 14.67 0.00 0.00 0.00 0.00 -0.00 14.67 394.68 6.51 Solved
32.00 38.67 14.67 0.00 -0.00 0.00 0.00 -0.00 14.67 366.08 21.62 Solved
32.00 46.00 14.67 0.00 -0.00 0.25 0.11 -30.91 14.67 339.08 19.58 Solved
32.00 53.33 14.66 0.12 0.00 -0.18 -0.08 9.35 14.67 362.49 20.97 Solved
32.90 60.61 14.66 0.04 0.00 -0.14 -0.06 9.93 14.67 292.61 21.00 Solved
33.17 67.94 14.66 -0.03 0.00 -0.11 -0.05 10.58 14.67 265.24 25.82 Solved
32.91 75.26 14.67 -0.09 0.00 -0.07 -0.03 11.32 14.67 261.72 22.62 Solved
32.26 82.57 14.67 -0.12 0.00 -0.04 -0.02 12.18 14.67 266.26 26.62 Solved
31.36 89.85 14.67 -0.14 0.00 0.00 0.00 13.16 14.67 266.64 22.54 Solved
30.32 97.10 14.67 -0.14 0.00 -0.00 -0.00 14.32 14.67 254.78 24.04 Solved
29.29 104.36 14.67 -0.14 0.00 0.00 0.00 15.70 14.67 245.40 41.74 Solved
28.25 111.62 14.67 -0.14 0.00 -0.00 -0.00 17.36 14.67 238.87 42.71 Solved
27.22 118.88 14.67 -0.14 0.00 -0.00 -0.00 19.40 14.67 235.66 44.62 Solved
26.18 126.14 14.67 -0.14 0.00 -0.00 -0.00 21.96 14.67 236.41 46.25 Solved
25.15 133.40 14.67 -0.14 0.00 -0.00 -0.00 25.24 14.67 242.01 46.82 Solved
24.11 140.66 14.67 -0.14 0.00 0.00 0.00 29.57 14.67 253.70 39.27 Solved
23.08 147.92 14.67 -0.14 0.00 0.00 0.00 35.47 14.67 273.29 36.19 Solved
22.04 155.18 14.67 -0.14 0.00 0.00 0.00 43.76 14.67 303.44 28.00 Solved
21.00 162.44 14.67 -0.14 0.00 -0.00 -0.00 55.58 14.67 348.25 22.76 Solved
19.97 169.70 14.67 -0.14 0.00 -0.00 -0.00 71.94 14.67 414.18 8.51 Solved
18.93 176.96 14.67 -0.14 -0.01 0.26 0.12 30.00 14.66 512.62 5.24 Solved
17.90 184.22 14.66 -0.01 -0.46 -0.07 -0.03 -138.13 14.73 338.48 64.64 Max-Iter
