14.00 2.00 14.67 0.00 -0.01 0.00 0.00 -0.03 14.66 519.86 1.87 Max-Iter
14.01 7.87 14.66 0.00 -0.16 0.07 0.03 -6.67 14.58 548.32 1.97 Max-Iter
14.01 13.73 14.60 0.03 -0.04 0.23 0.10 -23.14 14.62 913.09 1.76 Max-Iter
14.18 19.57 14.58 0.12 0.02 0.19 0.09 -26.45 14.70 761.21 1.78 Max-Iter
14.88 25.36 14.59 0.20 0.05 0.16 0.07 -27.40 14.67 617.10 1.78 Max-Iter
16.02 31.08 14.61 0.26 0.01 0.13 0.06 -28.02 14.64 505.35 1.83 Max-Iter
17.53 36.73 14.61 0.32 0.07 0.10 0.04 -29.34 14.66 424.71 1.76 Max-Iter
19.34 42.29 14.64 0.35 0.04 0.07 0.03 -30.00 14.67 372.96 1.78 Max-Iter
21.38 47.78 14.66 0.38 0.02 0.03 0.01 -30.00 14.67 343.05 1.74 Max-Iter
23.56 53.22 14.67 0.39 -0.01 -0.02 -0.01 -30.00 14.66 328.30 1.79 Max-Iter
25.81 58.64 14.67 0.39 -0.00 -0.02 -0.01 -30.00 14.67 319.64 1.79 Max-Iter
28.02 64.08 14.67 0.38 -0.01 -0.03 -0.01 -30.00 14.67 313.96 1.78 Max-Iter
30.19 69.53 14.66 0.37 -0.80 0.24 0.11 -30.00 14.24 1343.12 1.82 Max-Iter
32.29 75.00 14.34 0.46 -0.23 0.40 0.18 -30.00 14.30 2979.81 1.78 Max-Iter
34.85 80.14 14.25 0.62 0.18 0.34 0.15 -30.00 14.48 3252.77 1.74 Max-Iter
38.17 84.78 14.32 0.76 0.44 0.14 0.06 -30.00 14.61 2779.52 1.79 Max-Iter
42.10 88.93 14.50 0.81 0.29 -0.05 -0.02 -30.00 14.66 2303.64 1.77 Max-Iter
46.31 92.92 14.61 0.79 0.10 -0.18 -0.08 -30.00 14.63 2033.72 1.79 Max-Iter
50.48 97.02 14.66 0.72 -0.03 -0.21 -0.10 -29.96 14.54 1869.44 1.75 Max-Iter
54.34 101.43 14.64 0.63 0.04 -0.23 -0.11 -29.98 14.63 1717.71 1.78 Max-Iter
57.82 106.15 14.66 0.54 0.04 -0.23 -0.11 -30.00 14.66 1574.55 1.79 Max-Iter
60.84 111.17 14.67 0.45 -0.14 -0.21 -0.09 -30.00 14.67 1460.23 1.76 Max-Iter
63.39 116.46 14.62 0.37 0.01 -0.19 -0.09 -30.00 14.65 1399.50 1.78 Max-Iter
65.48 121.92 14.62 0.29 0.03 -0.18 -0.08 -30.00 14.66 1374.38 1.76 Max-Iter
67.14 127.53 14.64 0.22 0.02 -0.17 -0.08 -30.00 14.66 1382.18 1.77 Max-Iter
68.40 133.24 14.64 0.15 0.02 -0.16 -0.07 -30.00 14.65 1418.45 1.80 Max-Iter
69.27 139.03 14.65 0.09 0.01 -0.15 -0.07 -30.00 14.65 1478.44 1.78 Max-Iter
69.78 144.87 14.65 0.03 -0.00 -0.14 -0.07 -30.00 14.66 1559.91 1.77 Max-Iter
69.94 150.73 14.65 -0.03 -0.00 -0.14 -0.06 -30.00 14.65 1661.93 1.74 Max-Iter
69.77 156.59 14.65 -0.09 -0.02 -0.14 -0.06 -30.00 14.65 1782.57 1.76 Max-Iter
69.27 162.42 14.64 -0.14 -0.01 -0.14 -0.06 -30.00 14.65 1923.20 1.74 Max-Iter
68.44 168.22 14.64 -0.20 -0.01 -0.14 -0.06 -30.00 14.65 2085.05 1.75 Max-Iter
67.29 173.96 14.63 -0.25 -0.01 -0.14 -0.07 -30.00 14.65 2269.81 1.77 Max-Iter
65.83 179.63 14.63 -0.31 -0.01 -0.15 -0.07 -30.00 14.64 2480.45 1.82 Max-Iter
64.04 185.20 14.62 -0.37 -0.02 -0.16 -0.07 -30.00 14.64 2721.03 1.79 Max-Iter
61.91 190.65 14.62 -0.44 -1.57 -0.16 -0.07 -30.00 13.24 3381.25 1.79 Max-Iter
59.45 195.95 13.99 -0.50 -2.00 -0.15 -0.06 -30.00 11.94 4177.14 1.78 Max-Iter
56.77 200.86 13.19 -0.56 -2.00 -0.14 -0.06 -30.00 10.76 4882.62 1.78 Max-Iter
53.98 205.34 12.39 -0.61 -2.00 -0.14 -0.05 -30.00 9.70 5538.91 1.81 Max-Iter
51.13 209.40 11.59 -0.67 -2.00 -0.14 -0.05 -30.00 8.74 6099.59 1.78 Max-Iter
48.26 213.04 10.79 -0.72 -2.00 -0.14 -0.05 -30.00 7.90 6539.26 1.77 Max-Iter
45.41 216.28 9.99 -0.78 -2.00 -0.14 -0.04 -30.00 7.11 6857.41 1.80 Max-Iter
42.60 219.12 9.19 -0.83 -2.00 -0.14 -0.04 -30.00 6.39 7072.22 1.80 Max-Iter
39.88 221.59 8.39 -0.89 -1.97 -0.15 -0.04 -29.65 5.70 7229.62 1.79 Max-Iter
37.27 223.70 7.60 -0.95 -1.99 -0.15 -0.04 -29.88 5.06 7335.47 1.81 Max-Iter
34.80 225.47 6.80 -1.01 -2.00 -0.10 -0.02 -30.00 4.76 7419.76 1.77 Max-Iter
32.49 226.91 6.00 -1.05 -2.00 -0.15 -0.03 -29.98 4.14 7543.86 1.74 Max-Iter
30.41 228.10 5.20 -1.11 -1.73 -0.13 -0.02 -30.00 3.63 7702.91 1.77 Max-Iter
28.54 229.03 4.51 -1.16 -1.20 -0.14 -0.02 -29.97 3.16 7984.81 1.79 Max-Iter
26.89 229.75 4.03 -1.22 -1.04 -0.15 -0.02 -29.91 2.87 8375.20 1.71 Max-Iter
25.37 230.30 3.61 -1.28 -0.92 -0.13 -0.01 -29.87 2.56 72491.14 1.80 Max-Iter
23.99 230.72 3.25 -1.33 -1.15 -0.12 -0.01 -29.98 2.33 71029.58 1.79 Max-Iter
