32.00 2.00 14.67 0.00 -0.00 0.09 0.04 -11.31 14.67 519.92 1.80 Solved
32.00 9.33 14.66 0.05 0.00 0.11 0.05 -16.16 14.67 494.28 1.77 Solved
32.34 16.66 14.67 0.10 0.00 0.09 0.04 -16.88 14.67 489.45 1.51 Solved
33.08 23.95 14.67 0.14 0.00 0.07 0.03 -17.66 14.67 498.66 1.76 Solved
34.14 31.21 14.67 0.18 0.00 0.05 0.02 -18.51 14.67 515.21 1.74 Solved
35.46 38.42 14.67 0.21 0.00 0.04 0.02 -19.45 14.67 533.26 1.59 Solved
36.96 45.60 14.67 0.22 -0.00 0.02 0.01 -20.48 14.67 547.86 1.72 Solved
38.60 52.75 14.67 0.23 -0.00 0.00 0.00 -21.62 14.67 554.92 2.98 Solved
40.29 59.89 14.67 0.23 -0.00 0.00 0.00 -22.90 14.67 551.27 3.13 Solved
41.99 67.02 14.67 0.23 -0.00 -0.00 -0.00 -24.32 14.67 551.48 9.74 Solved
43.68 74.16 14.67 0.23 -0.00 -0.00 -0.00 -25.91 14.67 556.06 9.84 Solved
45.38 81.29 14.67 0.23 -0.00 0.00 0.00 -27.71 14.67 565.64 20.22 Solved
47.07 88.43 14.67 0.23 -0.00 0.00 0.00 -29.76 14.67 580.98 25.26 Solved
48.77 95.56 14.67 0.23 -0.00 0.00 0.00 -32.10 14.67 603.07 31.50 Solved
50.47 102.69 14.67 0.23 -0.00 0.00 0.00 -34.78 14.67 633.12 32.76 Solved
52.16 109.83 14.67 0.23 -0.00 0.00 0.00 -37.89 14.67 672.70 48.56 Solved
53.86 116.96 14.67 0.23 -0.00 0.00 0.00 -41.50 14.67 723.81 49.01 Solved
55.55 124.10 14.67 0.23 -0.00 0.00 0.00 -45.71 14.67 789.07 37.57 Solved
57.25 131.23 14.67 0.23 -0.00 0.00 0.00 -50.62 14.67 871.89 39.63 Solved
58.95 138.37 14.67 0.23 -0.00 0.00 0.00 -56.33 14.67 976.78 39.88 Solved
60.64 145.50 14.67 0.23 -0.00 0.00 0.00 -62.91 14.67 1109.78 40.22 Solved
62.34 152.64 14.67 0.23 -0.00 0.00 0.00 -70.36 14.67 1278.97 39.37 Solved
64.03 159.77 14.67 0.23 -0.00 0.00 0.00 -78.57 14.67 1495.29 30.63 Solved
65.73 166.91 14.67 0.23 -0.01 -0.29 -0.13 -30.00 14.66 1774.66 24.10 Solved
67.43 174.04 14.66 0.09 -0.00 -0.29 -0.13 -30.00 14.66 1446.75 18.63 Solved
68.08 181.34 14.66 -0.06 -0.00 -0.30 -0.14 -30.00 14.66 1147.69 19.66 Solved
67.66 188.66 14.66 -0.21 -0.00 -0.33 -0.15 -30.00 14.66 861.95 21.11 Solved
66.15 195.83 14.66 -0.38 -0.67 -0.49 -0.22 79.08 14.21 582.26 138.77 Max-Iter
63.46 202.65 14.32 -0.62 -1.31 0.51 0.23 -71.77 13.88 218.28 97.06 Max-Iter
59.28 208.46 13.67 -0.37 -2.73 0.28 0.12 -49.50 11.23 1166.50 97.70 Max-Iter
56.81 214.83 12.30 -0.23 -4.88 -0.52 -0.20 -30.00 11.63 2486.21 5.63 Solved
