14.00 2.00 14.67 0.00 0.00 0.00 0.00 0.00 14.67 0.52 0.36 Solved
14.09 9.19 14.60 0.00 0.08 0.00 0.00 -0.07 14.67 0.50 0.53 Solved
14.00 16.49 14.66 -0.00 0.01 -0.00 -0.00 0.06 14.67 0.46 0.43 Solved
13.86 23.83 14.76 -0.00 -0.12 -0.00 -0.00 0.18 14.67 0.46 0.47 Solved
13.81 31.38 14.65 -0.00 0.02 -0.00 -0.00 0.27 14.67 0.40 0.27 Solved
14.03 38.55 14.74 -0.01 -0.09 -0.00 -0.00 0.44 14.67 0.38 0.30 Solved
13.93 46.07 14.82 -0.01 -0.19 0.00 0.00 0.59 14.67 0.41 0.31 Solved
13.82 53.49 14.60 -0.01 0.08 0.00 0.00 0.57 14.67 0.33 0.33 Solved
13.99 60.65 14.44 -0.01 0.28 -0.00 -0.00 0.47 14.66 0.45 0.33 Solved
13.94 68.05 14.56 -0.01 0.13 -0.00 -0.00 0.51 14.67 0.30 0.36 Solved
13.87 75.23 14.70 -0.01 -0.04 0.00 0.00 0.73 14.67 0.24 1.79 Solved
13.92 82.58 14.73 -0.01 -0.09 0.23 0.11 -19.60 14.66 0.57 1.40 Solved
13.76 90.13 14.73 0.11 -0.08 0.29 0.13 -32.83 14.67 0.75 1.45 Solved
14.57 97.71 14.72 0.25 -0.07 0.22 0.10 -35.58 14.67 0.65 1.45 Solved
16.46 104.89 14.46 0.36 0.26 0.14 0.06 -37.87 14.66 0.86 1.55 Solved
19.11 111.73 14.55 0.43 0.14 0.06 0.03 -40.42 14.67 0.93 1.71 Solved
22.19 118.23 14.76 0.46 -0.11 0.00 0.00 -43.74 14.67 1.09 1.52 Solved
25.39 124.78 14.62 0.46 0.06 0.00 0.00 -47.31 14.67 1.18 1.55 Solved
28.56 131.29 14.67 0.46 -0.01 -0.05 -0.02 -45.00 14.67 1.34 1.42 Solved
31.72 137.76 14.63 0.44 0.05 -0.07 -0.03 -45.00 14.67 1.45 1.54 Solved
34.84 144.18 14.82 0.40 -0.19 -0.08 -0.04 -45.00 14.67 1.61 1.45 Solved
37.94 150.85 14.63 0.36 0.05 -0.10 -0.05 -45.00 14.67 1.62 1.36 Solved
40.51 157.61 14.72 0.31 -0.07 -0.12 -0.06 -45.00 14.67 1.68 1.46 Solved
42.84 164.55 14.81 0.25 -0.18 -0.14 -0.07 -45.00 14.67 1.80 1.45 Solved
44.50 171.78 14.94 0.17 -0.35 -0.17 -0.08 -45.00 14.67 2.04 1.53 Solved
45.80 179.10 14.68 0.09 -0.03 -0.19 -0.09 -45.00 14.66 1.85 0.28 Solved
46.32 186.27 14.68 -0.00 -0.02 -0.22 -0.10 -45.00 14.66 1.92 0.53 Solved
46.35 193.66 14.69 -0.12 -0.04 -0.27 -0.12 -45.00 14.66 2.04 0.52 Solved
45.51 200.91 14.76 -0.25 -0.14 -0.34 -0.16 -45.00 14.66 2.32 0.57 Solved
43.81 208.10 14.80 -0.42 -0.21 -0.48 -0.22 -45.00 14.66 2.99 0.51 Solved
