32.00 2.00 14.67 0.00 -0.00 0.00 0.00 0.00 14.67 519.84 0.25 Solved
32.00 9.33 14.67 0.00 -0.00 0.00 0.00 0.00 14.67 486.94 0.18 Solved
32.00 16.67 14.67 0.00 -0.00 0.00 0.00 0.00 14.67 455.11 0.14 Solved
32.00 24.00 14.67 0.00 -0.00 0.00 0.00 0.00 14.67 424.36 0.17 Solved
32.00 31.33 14.67 0.00 -0.00 0.00 0.00 0.00 14.67 394.68 0.14 Solved
32.00 38.67 14.67 0.00 -0.00 0.00 0.00 0.00 14.67 366.08 0.13 Solved
32.00 46.00 14.67 0.00 -0.00 0.00 0.00 0.00 14.67 338.56 0.13 Solved
32.00 53.33 14.67 0.00 -0.00 0.00 0.00 0.00 14.67 312.11 0.12 Solved
32.00 60.67 14.67 0.00 0.00 0.00 0.00 0.00 14.67 286.74 0.12 Solved
32.00 68.00 14.67 0.00 -0.00 0.00 0.00 0.00 14.67 262.44 0.13 Solved
32.00 75.33 14.67 0.00 0.00 0.00 0.00 0.00 14.67 239.22 0.76 Solved
32.00 82.67 14.67 0.00 -0.02 0.24 0.11 -21.58 14.66 217.46 0.90 Solved
32.00 90.00 14.66 0.12 0.01 0.29 0.13 -34.35 14.67 245.52 1.03 Solved
32.89 97.27 14.66 0.27 0.01 0.22 0.10 -36.71 14.67 422.56 0.94 Solved
34.83 104.35 14.66 0.38 0.00 0.15 0.07 -39.36 14.67 679.86 0.88 Solved
37.52 111.16 14.67 0.45 0.00 0.07 0.03 -42.35 14.67 947.16 0.95 Solved
40.70 117.77 14.67 0.49 -0.00 0.00 0.00 -45.73 14.67 1166.25 0.92 Solved
44.13 124.26 14.67 0.49 -0.00 -0.00 -0.00 -49.55 14.67 1293.10 0.82 Solved
47.55 130.74 14.67 0.49 -0.00 0.00 0.00 -53.85 14.67 1448.47 0.90 Solved
50.97 137.23 14.67 0.49 -0.00 -0.20 -0.09 -30.00 14.67 1639.54 0.80 Solved
54.39 143.72 14.67 0.39 -0.00 -0.18 -0.08 -30.00 14.67 1426.03 0.73 Solved
57.15 150.51 14.66 0.29 -0.00 -0.18 -0.08 -30.00 14.67 1255.58 0.89 Solved
59.28 157.53 14.66 0.21 -0.00 -0.17 -0.08 -30.00 14.67 1115.24 0.91 Solved
60.79 164.70 14.66 0.12 -0.00 -0.17 -0.08 -30.00 14.67 995.05 0.84 Solved
61.67 171.98 14.66 0.03 -0.00 -0.18 -0.08 -30.00 14.67 886.81 0.85 Solved
61.92 179.31 14.66 -0.06 -0.00 -0.19 -0.09 -30.00 14.67 783.08 0.21 Solved
61.51 186.63 14.66 -0.15 -0.00 -0.22 -0.10 -30.00 14.66 676.03 0.20 Solved
60.39 193.87 14.66 -0.26 -0.00 -0.26 -0.12 -30.00 14.66 556.14 0.21 Solved
58.49 200.95 14.66 -0.39 -0.01 -0.34 -0.15 -30.00 14.66 410.67 0.23 Solved
