14.00 2.00 14.67 0.00 -0.00 0.00 0.00 0.00 14.67 519.84 0.16 Solved
14.00 9.33 14.67 0.00 -0.00 -0.00 -0.00 0.00 14.67 486.94 1.14 Solved
14.00 16.67 14.67 -0.00 -0.00 -0.00 -0.00 0.00 14.67 455.11 1.38 Solved
14.00 24.00 14.67 -0.00 -0.00 -0.08 -0.04 10.30 14.67 424.42 0.96 Solved
14.00 31.33 14.67 -0.04 -0.00 -0.07 -0.03 10.81 14.67 400.63 2.69 Solved
13.69 38.66 14.67 -0.08 -0.00 -0.06 -0.03 11.37 14.67 386.90 2.58 Solved
13.12 45.97 14.67 -0.11 -0.00 -0.04 -0.02 11.99 14.67 379.26 2.85 Solved
12.34 53.26 14.67 -0.13 0.00 -0.03 -0.01 12.68 14.67 374.19 4.81 Solved
11.41 60.53 14.67 -0.14 0.00 -0.01 -0.01 13.45 14.67 368.60 4.20 Solved
10.37 67.79 14.67 -0.15 0.00 0.00 0.00 14.32 14.67 359.97 4.36 Solved
9.28 75.05 14.67 -0.15 0.00 0.00 0.00 15.32 14.67 346.39 11.18 Solved
8.19 82.30 14.67 -0.15 -0.01 -0.27 -0.12 45.00 14.66 335.83 12.15 Solved
7.10 89.55 14.66 -0.28 -0.03 -0.52 -0.24 45.00 14.63 561.11 14.49 Solved
5.05 96.59 14.65 -0.54 0.01 -0.45 -0.20 45.00 14.66 1406.76 16.49 Solved
1.26 102.85 14.65 -0.77 0.01 -0.22 -0.10 45.00 14.66 2638.15 14.10 Solved
-3.83 108.12 14.66 -0.88 0.01 -0.07 -0.03 45.00 14.66 3582.40 15.87 Solved
-9.46 112.81 14.66 -0.91 0.00 0.04 0.02 45.00 14.66 4179.83 14.55 Solved
-15.25 117.30 14.66 -0.89 0.00 0.13 0.06 45.00 14.66 4429.14 14.48 Solved
-20.95 121.92 14.66 -0.82 -0.00 0.20 0.09 45.00 14.66 4373.47 14.44 Solved
-26.33 126.90 14.66 -0.73 -0.00 0.23 0.10 45.00 14.66 4087.84 12.06 Solved
-31.19 132.38 14.66 -0.61 -0.00 0.22 0.10 45.00 14.66 3697.53 8.89 Solved
-35.40 138.38 14.66 -0.50 -0.00 0.21 0.10 45.00 14.66 3365.50 12.90 Solved
-38.92 144.81 14.66 -0.40 -0.00 0.20 0.09 45.00 14.66 3080.04 9.42 Solved
-41.75 151.57 14.66 -0.30 -0.00 0.20 0.09 45.00 14.66 2831.50 9.41 Solved
-43.89 158.58 14.66 -0.20 -0.00 0.20 0.09 45.00 14.66 2611.79 5.88 Solved
-45.31 165.77 14.66 -0.10 -0.00 0.20 0.09 45.00 14.66 2413.97 4.77 Solved
-46.03 173.07 14.66 0.00 -0.00 0.20 0.09 45.00 14.66 2231.81 3.21 Solved
-46.03 180.40 14.66 0.10 -0.00 0.21 0.09 45.00 14.66 2059.44 3.58 Solved
-45.30 187.69 14.66 0.20 -0.00 0.22 0.10 45.00 14.66 1890.89 3.24 Solved
-43.82 194.87 14.66 0.31 -0.00 0.23 0.11 45.00 14.66 1719.54 1.77 Solved
-41.58 201.85 14.66 0.43 -0.00 0.25 0.12 45.00 14.66 1537.20 1.81 Solved
-38.55 208.52 14.65 0.55 -0.01 0.29 0.13 45.00 14.65 1332.38 0.96 Solved
-34.69 214.75 14.65 0.70 -0.02 0.37 0.17 45.00 14.64 1086.22 0.18 Solved
