14.00 2.00 14.67 0.00 -0.00 -0.00 -0.00 0.00 14.67 51.99 22.44 Acceptable
14.01 7.87 14.67 0.00 -0.51 0.01 0.00 -1.22 14.29 65.96 13.63 Acceptable
14.01 13.73 14.46 0.01 -1.06 0.22 0.00 -20.87 13.87 539.51 12.22 Acceptable
14.05 19.52 14.04 0.09 0.51 0.23 0.00 -27.40 14.72 481.99 12.94 Acceptable
14.58 25.11 14.24 0.18 0.41 0.19 0.00 -28.33 14.70 306.33 10.13 Restoration-Phase-Failed
15.62 30.71 14.41 0.26 0.32 0.15 0.00 -29.32 14.69 183.79 16.53 Solved
17.11 36.28 14.54 0.32 0.24 0.11 0.00 -30.00 14.68 105.45 15.12 Solved
18.94 41.80 14.63 0.37 0.16 0.08 0.00 -30.00 14.67 62.92 31.54 Solved
21.04 47.26 14.70 0.40 0.06 0.03 0.00 -30.00 14.67 47.52 17.14 Acceptable
23.31 52.68 14.72 0.41 -0.06 -0.02 -0.00 -30.00 14.66 51.16 13.31 Solved
25.66 58.08 14.70 0.40 -0.05 -0.03 -0.00 -30.00 14.65 59.25 20.39 Acceptable
27.96 63.49 14.68 0.39 -0.04 -0.03 -0.00 -30.00 14.65 69.57 23.87 Acceptable
30.19 68.92 14.66 0.38 -1.63 0.00 0.00 -30.00 13.45 244.40 13.80 Restoration-Phase-Failed
32.34 74.38 14.01 0.38 -2.00 0.16 0.00 -30.00 11.73 1374.08 6.70 Solved
34.41 79.59 13.21 0.44 -2.00 0.38 0.00 -30.00 11.73 3314.81 20.89 Acceptable
36.66 84.37 12.41 0.59 -1.39 0.42 0.00 -30.00 11.73 4184.75 46.42 Solved
39.43 88.49 11.85 0.76 2.00 0.24 0.00 -30.00 13.82 3488.04 8.61 Solved
42.69 91.93 12.65 0.86 2.00 -0.08 -0.00 -30.00 14.58 2485.10 14.09 Solved
46.51 95.25 13.45 0.82 0.88 -0.15 -0.00 -30.00 14.24 2115.20 7.67 Restoration-Phase-Failed
50.46 98.90 13.80 0.76 0.37 -0.22 -0.00 -30.00 14.29 1923.57 24.17 Acceptable
54.28 102.89 13.95 0.68 0.17 -0.25 -0.00 -30.00 14.33 1745.38 12.47 Solved
57.77 107.24 14.02 0.58 0.14 -0.24 -0.00 -30.00 14.36 1564.50 19.00 Solved
60.83 111.94 14.08 0.48 0.13 -0.22 -0.00 -30.00 14.39 1427.46 11.09 Solved
63.42 116.94 14.13 0.39 0.12 -0.20 -0.00 -30.00 14.41 1348.06 6.41 Restoration-Phase-Failed
65.57 122.17 14.17 0.31 0.10 -0.19 -0.00 -30.00 14.43 1314.32 20.32 Solved
67.30 127.57 14.21 0.24 0.08 -0.17 -0.00 -30.00 14.44 1317.41 23.76 Solved
68.62 133.10 14.25 0.17 0.07 -0.16 -0.00 -30.00 14.45 1350.81 26.08 Solved
69.57 138.72 14.28 0.10 0.05 -0.15 -0.00 -30.00 14.46 1409.92 21.93 Solved
70.15 144.40 14.30 0.04 0.04 -0.15 -0.00 -30.00 14.46 1491.59 9.12 Restoration-Phase-Failed
70.38 150.12 14.31 -0.02 0.02 -0.14 -0.00 -30.00 14.46 1593.87 11.59 Restoration-Phase-Failed
70.27 155.84 14.32 -0.07 0.01 -0.14 -0.00 -30.00 14.45 1715.77 12.73 Solved
69.84 161.55 14.33 -0.13 -0.01 -0.14 -0.00 -30.00 14.45 1857.16 18.72 Solved
69.10 167.23 14.32 -0.19 -0.02 -0.14 -0.00 -30.00 14.43 2018.63 15.26 Solved
68.04 172.87 14.31 -0.24 -0.04 -0.14 -0.00 -30.00 14.41 2201.54 10.70 Acceptable
66.67 178.42 14.30 -0.30 -0.07 -0.15 -0.00 -30.00 14.39 2408.00 27.05 Acceptable
65.00 183.89 14.27 -0.36 -0.10 -0.15 -0.00 -30.00 14.35 2641.06 11.41 Restoration-Phase-Failed
63.01 189.24 14.23 -0.42 -1.27 -0.15 -0.00 -30.00 13.02 2865.49 22.19 Restoration-Phase-Failed
60.71 194.45 13.72 -0.47 -1.95 -0.14 -0.00 -30.00 11.78 3160.08 22.23 Solved
58.20 199.33 12.94 -0.53 -2.00 -0.13 -0.00 -30.00 10.64 3458.12 13.87 Solved
55.58 203.79 12.14 -0.58 -2.00 -0.13 -0.00 -30.00 9.59 3767.79 12.97 Acceptable
52.90 207.85 11.34 -0.64 -2.00 -0.13 -0.00 -30.00 8.63 4085.33 16.54 Acceptable
50.21 211.50 10.54 -0.69 -2.00 -0.13 -0.00 -30.00 7.76 4408.06 18.04 Acceptable
47.53 214.76 9.74 -0.74 -2.00 -0.12 -0.00 -30.00 6.94 4734.92 13.86 Restoration-Phase-Failed
44.91 217.64 8.94 -0.79 -2.00 -0.12 -0.00 -30.00 6.19 5066.79 19.04 Acceptable
42.38 220.16 8.14 -0.84 -2.00 -0.12 -0.00 -30.00 5.50 5405.49 15.66 Restoration-Phase-Failed
39.96 222.35 7.34 -0.88 -2.00 -0.11 -0.00 -30.00 4.86 5752.94 16.21 Solved
37.69 224.21 6.54 -0.93 -2.00 -0.11 -0.00 -30.00 4.28 6109.39 17.67 Acceptable
35.59 225.78 5.74 -0.97 -2.00 -0.10 -0.00 -30.00 3.76 6474.24 24.15 Solved
33.70 227.07 4.94 -1.01 -1.81 -0.09 -0.00 -30.00 3.30 6844.63 17.15 Acceptable
32.02 228.12 4.22 -1.05 -1.52 -0.09 -0.00 -30.00 2.89 7220.32 16.26 Solved
30.56 228.96 3.61 -1.08 -1.28 -0.08 -0.00 -30.00 2.53 7597.46 18.46 Acceptable
29.28 229.63 3.10 -1.12 -1.09 -0.07 -0.00 -30.00 2.22 7970.04 17.83 Solved
28.17 230.17 2.66 -1.14 -0.93 -0.07 -0.00 -30.00 1.95 72617.77 16.88 Solved
27.20 230.61 2.29 -1.17 -0.80 -0.06 -0.00 -30.00 1.71 71535.90 20.62 Solved
26.35 230.97 1.97 -1.20 -0.69 -0.05 -0.00 -30.00 1.50 70533.86 15.99 Solved
25.62 231.26 1.69 -1.22 -0.59 -0.05 -0.00 -30.00 1.31 69610.18 18.54 Restoration-Phase-Failed
24.99 231.49 1.46 -1.24 -0.51 -0.05 -0.00 -30.00 1.15 68763.19 16.15 Solved
24.44 231.69 1.25 -1.26 -0.43 -0.04 -0.00 -30.00 1.01 67990.65 22.21 Solved
23.96 231.84 1.08 -1.27 -0.37 -0.04 -0.00 -30.00 0.89 67289.68 19.21 Solved
