14.00 2.00 14.67 0.00 -0.00 0.12 0.05 -14.45 14.67 519.96 1.40 Solved
14.00 9.33 14.66 0.06 0.00 0.13 0.06 -20.45 14.67 498.90 1.31 Solved
14.44 16.65 14.67 0.13 0.00 0.11 0.05 -21.34 14.67 510.23 3.55 Solved
15.37 23.93 14.67 0.18 0.00 0.09 0.04 -22.32 14.67 543.40 3.22 Solved
16.71 31.14 14.67 0.23 0.00 0.07 0.03 -23.38 14.67 587.80 3.79 Solved
18.37 38.28 14.67 0.26 -0.00 0.04 0.02 -26.81 14.67 634.05 3.71 Solved
20.27 45.36 14.67 0.28 -0.00 0.03 0.01 -28.19 14.67 668.69 4.99 Solved
22.31 52.41 14.67 0.30 -0.00 0.03 0.01 -29.70 14.67 706.76 4.87 Solved
24.46 59.42 14.67 0.31 -0.00 0.08 0.04 -40.23 14.67 747.37 5.63 Solved
26.71 66.40 14.67 0.35 0.00 0.08 0.03 -44.19 14.67 878.25 5.52 Solved
29.24 73.28 14.67 0.39 0.00 0.06 0.03 -46.70 14.67 1030.46 5.74 Solved
32.04 80.06 14.67 0.42 0.00 0.05 0.02 -49.43 14.67 1194.87 9.08 Solved
35.05 86.74 14.67 0.45 0.00 0.04 0.02 -52.41 14.67 1368.43 9.11 Solved
38.23 93.35 14.67 0.47 0.00 0.03 0.01 -55.64 14.67 1548.37 8.70 Solved
41.53 99.90 14.67 0.48 -0.00 0.01 0.01 -59.14 14.67 1732.14 7.28 Solved
44.92 106.41 14.67 0.49 -0.00 0.00 0.00 -62.92 14.67 1917.40 7.75 Solved
48.34 112.89 14.67 0.49 -0.00 -0.00 -0.00 -66.97 14.67 2102.00 7.69 Solved
51.77 119.37 14.67 0.49 -0.00 -0.20 -0.09 -30.00 14.67 2318.26 7.13 Solved
55.19 125.86 14.67 0.38 -0.00 -0.19 -0.09 -30.00 14.67 2023.84 8.65 Solved
57.94 132.66 14.66 0.29 -0.00 -0.18 -0.08 -30.00 14.67 1777.53 8.97 Solved
60.02 139.69 14.66 0.20 -0.00 -0.17 -0.08 -30.00 14.67 1568.61 8.76 Solved
61.45 146.88 14.66 0.11 -0.00 -0.17 -0.08 -30.00 14.67 1388.46 8.01 Solved
62.26 154.17 14.66 0.02 -0.00 -0.17 -0.08 -30.00 14.67 1229.92 4.66 Solved
62.44 161.50 14.66 -0.06 0.00 0.00 0.00 -65.80 14.67 1086.44 4.46 Solved
62.00 168.82 14.67 -0.06 0.00 -0.00 -0.00 -74.15 14.67 1266.61 5.75 Solved
61.57 176.14 14.67 -0.06 0.00 -0.00 -0.00 -83.24 14.67 1500.36 5.89 Solved
61.14 183.46 14.67 -0.06 -0.00 -0.01 -0.01 -90.00 14.67 1805.81 4.03 Solved
60.70 190.78 14.67 -0.07 -0.00 -0.06 -0.03 -90.00 14.67 2171.97 2.87 Solved
60.22 198.09 14.66 -0.09 -0.00 -0.09 -0.04 -90.00 14.66 2527.06 2.31 Solved
59.53 205.39 14.66 -0.14 -0.00 -0.12 -0.05 -90.00 14.66 2891.53 2.81 Solved
58.50 212.65 14.66 -0.20 -0.04 -0.52 -0.24 -30.00 14.66 3306.22 2.79 Solved
57.04 219.84 14.64 -0.46 -3.33 -0.49 -0.22 -30.00 11.97 2573.18 3.19 Solved
53.78 226.39 12.98 -0.71 -4.00 -0.41 -0.16 -30.00 9.29 2030.95 1.70 Solved
49.57 231.33 10.98 -0.91 -4.00 -0.31 -0.11 -30.00 6.61 1678.17 1.64 Solved
45.24 234.70 8.98 -1.06 -4.00 -0.21 -0.06 -30.00 3.92 1509.39 1.82 Solved
41.31 236.87 6.98 -1.17 -4.00 -0.13 -0.03 -30.00 1.24 1501.89 1.56 Solved
38.10 238.23 4.98 -1.23 -4.00 -0.06 -0.01 -30.00 0.00 1624.63 1.33 Solved
35.75 239.05 2.98 -1.27 -4.00 -0.03 -0.00 -30.00 0.00 1878.85 1.27 Solved
34.33 239.50 0.98 -1.28 -4.00 -0.01 -0.00 -30.00 -0.00 2234.69 0.98 Solved
33.86 239.64 -1.02 -1.29 -4.00 -0.00 0.00 -29.73 -0.00 2659.27 1.31 Solved
