14.00 2.00 14.67 0.00 -0.00 0.00 0.00 0.00 14.67 519.84 0.16 Solved
14.00 9.33 14.67 0.00 0.00 0.00 0.00 0.00 14.67 486.94 0.11 Solved
14.00 16.67 14.67 0.00 0.00 0.00 0.00 0.00 14.67 455.11 0.09 Solved
14.00 24.00 14.67 0.00 0.00 0.00 0.00 0.00 14.67 424.36 0.10 Solved
14.00 31.33 14.67 0.00 -0.00 0.00 0.00 0.00 14.67 394.68 0.10 Solved
14.00 38.67 14.67 0.00 -0.00 0.00 0.00 0.00 14.67 366.08 0.19 Solved
14.00 46.00 14.67 0.00 -0.00 0.00 0.00 -0.00 14.67 338.56 1.60 Solved
14.00 53.33 14.67 0.00 -0.01 0.16 0.07 -20.44 14.66 312.33 1.26 Solved
14.00 60.67 14.66 0.08 0.00 0.24 0.11 -37.32 14.67 306.98 1.39 Solved
14.57 67.97 14.66 0.20 0.00 0.22 0.10 -44.53 14.67 396.23 1.43 Solved
16.01 75.16 14.66 0.31 0.00 0.19 0.08 -47.14 14.67 579.69 1.65 Solved
18.24 82.15 14.66 0.40 0.00 0.15 0.07 -49.98 14.67 826.30 1.74 Solved
21.10 88.90 14.67 0.48 0.00 0.11 0.05 -53.09 14.67 1108.94 1.64 Solved
24.46 95.41 14.67 0.53 0.00 0.07 0.03 -56.48 14.67 1402.02 1.69 Solved
28.18 101.73 14.67 0.57 0.00 0.04 0.02 -60.15 14.67 1682.03 1.61 Solved
32.14 107.91 14.67 0.59 0.00 0.00 0.00 -64.11 14.67 1928.04 1.31 Solved
36.20 114.01 14.67 0.59 0.00 0.00 0.00 -68.36 14.67 2122.09 1.32 Solved
40.27 120.11 14.67 0.59 0.00 -0.00 -0.00 -72.87 14.67 2349.40 1.46 Solved
44.34 126.21 14.67 0.59 0.00 0.00 0.00 -77.61 14.67 2615.39 1.52 Solved
48.41 132.32 14.67 0.59 -0.01 -0.26 -0.12 -30.00 14.67 2927.41 1.21 Solved
52.47 138.42 14.66 0.46 -0.00 -0.25 -0.11 -30.00 14.67 2491.50 1.48 Solved
55.70 145.00 14.66 0.33 -0.00 -0.23 -0.11 -30.00 14.67 2130.48 1.49 Solved
58.09 151.93 14.66 0.22 -0.00 -0.22 -0.10 -30.00 14.67 1827.42 1.59 Solved
59.66 159.09 14.66 0.10 -0.00 -0.22 -0.10 -30.00 14.67 1568.58 1.37 Solved
60.41 166.39 14.66 -0.01 -0.00 -0.22 -0.10 -30.00 14.67 1342.52 1.36 Solved
60.37 173.72 14.66 -0.11 -0.00 -0.22 -0.10 -30.00 14.67 1139.33 1.33 Solved
59.53 181.00 14.66 -0.22 -0.00 -0.23 -0.10 -30.00 14.67 949.93 1.52 Solved
57.91 188.15 14.66 -0.34 -0.00 -0.25 -0.11 -30.00 14.66 765.31 1.25 Solved
55.47 195.06 14.66 -0.46 -0.00 -0.28 -0.13 -30.00 14.66 576.07 1.16 Solved
52.20 201.62 14.66 -0.61 -4.00 -0.15 -0.07 -30.00 9.30 475.25 1.44 Solved
48.03 207.65 12.66 -0.68 -4.00 -0.07 -0.03 -30.00 3.99 670.52 1.49 Solved
44.05 212.57 10.66 -0.71 -4.00 -0.03 -0.01 -30.00 0.00 1171.00 0.28 Solved
40.56 216.60 8.66 -0.73 -4.00 -0.01 -0.00 -30.00 0.00 2139.23 0.20 Solved
37.68 219.83 6.66 -0.74 -4.00 -0.00 -0.00 -30.00 0.00 3704.87 0.25 Solved
35.45 222.30 4.66 -0.74 -4.00 -0.00 -0.00 -28.44 0.00 5919.09 0.24 Solved
33.88 224.03 2.66 -0.74 -4.00 0.00 0.00 -26.54 0.00 8840.68 0.19 Solved
32.99 225.01 0.66 -0.74 -4.00 0.00 0.00 -24.56 -0.00 12484.58 0.21 Solved
32.77 225.26 -1.34 -0.74 -4.00 -0.00 0.00 -22.44 -0.00 16844.95 0.19 Solved
