32.00 2.00 14.67 0.00 0.00 -0.00 -0.00 0.00 14.67 519.84 1.85 Solved
32.00 9.33 14.67 -0.00 0.00 -0.00 -0.00 0.00 14.67 486.94 1.90 Solved
32.00 16.67 14.67 -0.00 -0.00 -0.00 -0.00 0.00 14.67 455.11 2.12 Solved
32.00 24.00 14.67 -0.00 0.00 -0.00 -0.00 0.00 14.67 424.36 3.70 Solved
32.00 31.33 14.67 -0.00 0.00 -0.00 -0.00 0.00 14.67 394.68 6.54 Solved
32.00 38.67 14.67 -0.00 -0.00 -0.00 -0.00 0.00 14.67 366.08 5.93 Solved
32.00 46.00 14.67 -0.00 -0.00 0.00 0.00 0.00 14.67 338.56 9.69 Solved
32.00 53.33 14.67 -0.00 0.00 0.00 0.00 0.00 14.67 312.11 14.13 Solved
32.00 60.67 14.67 -0.00 -0.00 0.04 0.02 -4.72 14.67 286.75 16.82 Solved
32.00 68.00 14.67 0.02 -0.00 0.12 0.05 -16.54 14.67 263.67 15.47 Solved
32.14 75.33 14.67 0.08 0.00 0.10 0.04 -17.69 14.67 259.01 22.57 Solved
32.70 82.64 14.67 0.13 0.00 0.08 0.04 -18.99 14.67 272.59 22.18 Solved
33.61 89.92 14.67 0.16 0.00 0.06 0.03 -20.50 14.67 297.49 22.53 Solved
34.81 97.15 14.67 0.19 0.00 0.04 0.02 -22.26 14.67 327.51 31.86 Solved
36.22 104.35 14.67 0.21 -0.00 0.07 0.03 -32.59 14.67 357.25 33.22 Solved
37.77 111.52 14.67 0.25 -0.00 0.06 0.03 -35.71 14.67 425.88 41.26 Solved
39.55 118.63 14.67 0.27 0.00 0.04 0.02 -39.39 14.67 507.74 43.05 Solved
41.54 125.69 14.67 0.30 0.00 0.03 0.02 -43.74 14.67 602.29 37.77 Solved
43.68 132.70 14.67 0.31 0.00 0.02 0.01 -48.92 14.67 709.67 34.94 Solved
45.93 139.68 14.67 0.32 0.00 0.01 0.01 -55.06 14.67 830.85 27.28 Solved
48.27 146.63 14.67 0.33 0.00 -0.00 -0.00 -62.27 14.67 967.90 23.18 Solved
50.64 153.57 14.67 0.33 0.00 -0.00 -0.00 -70.57 14.67 1124.31 18.46 Solved
53.02 160.51 14.67 0.33 -0.01 -0.24 -0.11 -30.00 14.67 1329.03 15.67 Solved
55.39 167.45 14.66 0.21 -0.00 -0.25 -0.11 -30.00 14.66 1098.17 18.04 Solved
56.91 174.62 14.66 0.08 -0.00 -0.27 -0.12 -30.00 14.66 879.29 15.70 Solved
57.52 181.93 14.66 -0.05 -0.00 -0.30 -0.14 -30.00 14.66 661.17 11.26 Solved
57.16 189.25 14.66 -0.20 -0.58 -0.51 -0.23 68.95 13.87 444.35 99.86 Max-Iter
