14.00 2.00 14.67 0.00 0.00 0.00 0.00 0.00 14.67 519.84 0.28 Solved
14.00 9.33 14.67 0.00 -0.00 0.00 0.00 0.00 14.67 486.94 0.14 Solved
14.00 16.67 14.67 0.00 -0.00 0.00 0.00 0.00 14.67 455.11 0.19 Solved
14.00 24.00 14.67 0.00 -0.00 0.00 0.00 0.00 14.67 424.36 0.13 Solved
14.00 31.33 14.67 0.00 0.00 0.00 0.00 0.00 14.67 394.68 0.10 Solved
14.00 38.67 14.67 0.00 0.00 0.00 0.00 0.00 14.67 366.08 0.13 Solved
14.00 46.00 14.67 0.00 -0.00 -0.00 -0.00 0.00 14.67 338.56 1.20 Solved
14.00 53.33 14.67 -0.00 -0.09 -0.40 -0.18 60.00 14.57 314.06 1.05 Solved
14.00 60.67 14.62 -0.20 -0.05 -0.52 -0.24 60.00 14.58 423.61 1.27 Solved
12.52 67.98 14.60 -0.46 0.01 -0.39 -0.18 60.00 14.62 997.44 1.28 Solved
9.12 75.28 14.60 -0.66 0.03 -0.05 -0.02 60.00 14.65 1798.85 1.14 Solved
4.29 82.58 14.62 -0.68 0.03 0.12 0.06 60.00 14.66 2068.49 1.21 Solved
-0.74 89.88 14.63 -0.62 0.02 0.22 0.10 60.00 14.66 1935.53 1.36 Solved
-5.31 97.20 14.64 -0.51 0.01 0.25 0.11 60.00 14.66 1598.14 1.24 Solved
-9.08 104.52 14.65 -0.39 0.01 0.24 0.11 60.00 14.66 1235.97 1.22 Solved
-11.95 111.84 14.65 -0.27 0.01 0.21 0.10 60.00 14.66 913.78 1.25 Solved
-13.91 119.17 14.66 -0.16 0.00 0.18 0.08 60.00 14.66 676.87 1.25 Solved
-15.09 126.50 14.66 -0.07 0.00 0.16 0.07 60.00 14.66 501.98 0.92 Solved
-15.60 133.83 14.66 0.01 0.00 0.14 0.06 60.00 14.66 372.23 0.94 Solved
-15.51 141.16 14.66 0.08 0.00 0.12 0.06 60.00 14.66 275.39 0.89 Solved
-14.91 148.49 14.66 0.14 0.00 0.11 0.05 60.00 14.66 202.61 0.93 Solved
-13.86 155.82 14.66 0.20 0.00 0.10 0.05 60.00 14.66 147.47 0.92 Solved
-12.40 163.15 14.66 0.25 0.00 0.09 0.04 60.00 14.66 105.36 0.87 Solved
-10.57 170.48 14.66 0.29 0.00 0.09 0.04 60.00 14.66 72.99 0.92 Solved
