14.00 2.00 14.67 0.00 -0.02 0.20 0.09 -60.00 14.65 520.29 1.00 Solved
14.00 9.33 14.66 0.10 0.00 0.21 0.09 -60.00 14.66 521.34 0.90 Solved
14.74 16.63 14.66 0.21 0.00 0.09 0.04 -60.00 14.67 599.19 1.89 Solved
16.24 23.80 14.66 0.25 0.00 0.02 0.01 -60.00 14.67 650.85 1.84 Solved
18.06 30.90 14.66 0.26 -0.01 0.10 0.05 -60.00 14.65 655.08 2.06 Solved
19.94 37.99 14.66 0.31 0.00 0.10 0.04 -60.00 14.66 754.93 2.52 Solved
22.19 44.97 14.66 0.36 0.01 -0.01 -0.00 -60.00 14.67 880.51 2.93 Solved
24.77 51.83 14.67 0.35 0.00 -0.08 -0.04 -60.00 14.67 885.18 3.53 Solved
27.32 58.70 14.67 0.31 -0.02 0.25 0.11 -60.00 14.64 798.52 4.25 Solved
29.58 65.68 14.66 0.44 0.01 0.17 0.08 -60.00 14.66 1207.01 3.44 Solved
32.69 72.31 14.66 0.53 0.02 -0.05 -0.02 -60.00 14.68 1612.18 4.50 Solved
36.37 78.65 14.67 0.50 -0.00 -0.12 -0.05 -60.00 14.67 1611.48 5.93 Solved
39.89 85.09 14.67 0.44 -0.00 -0.18 -0.08 -60.00 14.67 1470.80 6.00 Solved
43.02 91.72 14.67 0.35 -0.01 -0.06 -0.03 -60.00 14.65 1222.53 5.32 Solved
45.54 98.61 14.66 0.32 0.00 0.00 0.00 -60.00 14.66 1198.02 6.18 Solved
47.85 105.56 14.66 0.32 0.01 -0.11 -0.05 -60.00 14.67 1294.85 5.85 Solved
50.16 112.52 14.67 0.27 0.00 -0.18 -0.08 -60.00 14.67 1200.06 7.16 Solved
52.09 119.59 14.67 0.18 -0.00 -0.20 -0.09 -60.00 14.67 990.51 6.30 Solved
53.38 126.81 14.67 0.08 -0.00 -0.20 -0.09 -60.00 14.67 758.65 8.79 Solved
53.94 134.12 14.67 -0.02 -0.00 -0.18 -0.08 -60.00 14.67 557.04 5.51 Solved
53.75 141.45 14.67 -0.11 -0.02 -0.23 -0.10 60.00 14.65 408.71 6.71 Solved
52.93 148.74 14.66 -0.23 0.00 -0.33 -0.15 60.00 14.66 242.24 4.40 Solved
51.29 155.88 14.66 -0.39 0.00 -0.22 -0.10 60.00 14.67 87.99 4.98 Solved
48.50 162.66 14.66 -0.50 0.00 -0.13 -0.06 60.00 14.67 59.73 3.04 Solved
44.98 169.10 14.66 -0.57 0.00 -0.06 -0.03 60.00 14.67 76.78 2.94 Solved
41.05 175.28 14.66 -0.60 0.00 0.01 0.00 60.00 14.67 99.10 3.36 Solved
36.94 181.35 14.66 -0.59 0.00 0.07 0.03 60.00 14.67 105.33 3.76 Solved
