14.00 2.00 14.67 0.00 0.00 0.00 0.00 0.00 14.67 519.84 0.17 Solved
14.00 9.33 14.67 0.00 -0.00 0.00 0.00 0.00 14.67 486.94 0.13 Solved
14.00 16.67 14.67 0.00 -0.00 0.00 0.00 -0.00 14.67 455.11 1.27 Solved
14.00 24.00 14.67 0.00 0.00 0.00 0.00 -0.00 14.67 424.36 1.26 Solved
14.00 31.33 14.67 0.00 -0.01 0.13 0.06 -60.00 14.66 394.87 1.19 Solved
14.00 38.67 14.66 0.07 -0.01 0.19 0.09 -60.00 14.66 380.49 0.92 Solved
14.48 46.00 14.66 0.16 0.00 0.12 0.06 -60.00 14.66 424.20 1.83 Solved
15.64 53.33 14.66 0.22 -0.12 0.42 0.19 -60.00 14.54 486.83 2.07 Solved
17.26 60.66 14.60 0.43 -0.31 0.52 0.24 -60.00 14.30 953.17 2.36 Solved
20.41 67.96 14.45 0.69 0.06 0.48 0.22 -60.00 14.56 2018.72 2.36 Solved
25.49 75.18 14.48 0.93 0.11 -0.16 -0.07 -60.00 14.63 3571.44 2.61 Solved
32.34 82.42 14.53 0.85 0.08 -0.27 -0.12 -60.00 14.65 3338.79 2.26 Solved
38.59 89.68 14.57 0.72 0.06 -0.34 -0.15 -60.00 14.65 2801.50 2.43 Solved
43.85 96.97 14.60 0.54 0.04 -0.32 -0.14 -60.00 14.65 2111.82 2.05 Solved
47.86 104.27 14.62 0.39 0.03 -0.27 -0.12 -60.00 14.66 1555.25 1.97 Solved
50.70 111.57 14.63 0.25 0.02 -0.24 -0.11 -60.00 14.66 1147.10 2.00 Solved
52.53 118.89 14.64 0.13 0.01 -0.21 -0.09 -60.00 14.66 846.99 1.95 Solved
53.49 126.21 14.65 0.03 0.01 -0.18 -0.08 -60.00 14.66 625.58 1.98 Solved
53.69 133.53 14.65 -0.06 0.01 -0.16 -0.07 -60.00 14.66 461.54 1.76 Solved
53.23 140.86 14.66 -0.14 0.00 -0.14 -0.06 -60.00 14.66 339.35 1.79 Solved
52.19 148.19 14.66 -0.21 0.00 -0.13 -0.06 -60.00 14.66 247.72 1.86 Solved
50.63 155.51 14.66 -0.27 0.00 -0.11 -0.05 -60.00 14.66 178.46 1.70 Solved
48.61 162.84 14.66 -0.33 0.00 -0.11 -0.05 -60.00 14.66 125.65 1.74 Solved
46.18 170.17 14.66 -0.38 0.00 -0.10 -0.05 -60.00 14.66 85.08 1.86 Solved
43.35 177.51 14.66 -0.44 -0.00 -0.11 -0.05 -60.00 14.66 54.00 0.98 Solved
