14.00 2.00 14.67 0.00 -0.19 -0.00 -0.00 0.13 14.74 52.49 1.76 Max-Iter
14.01 7.87 14.59 0.00 -0.61 0.01 0.00 -0.64 14.53 60.26 1.92 Max-Iter
14.01 13.70 14.35 0.00 -1.78 0.18 0.00 -16.66 13.28 517.90 1.74 Max-Iter
14.02 19.44 13.63 0.07 0.73 0.25 0.00 -27.89 14.94 580.87 1.75 Max-Iter
14.42 24.88 13.93 0.17 0.02 0.21 0.00 -29.56 14.39 381.98 1.71 Max-Iter
15.38 30.37 13.94 0.26 0.42 0.16 0.00 -29.79 14.60 214.49 1.76 Max-Iter
16.80 35.76 14.11 0.32 0.42 0.13 0.00 -29.97 14.69 125.76 1.78 Max-Iter
18.59 41.11 14.28 0.37 0.53 0.08 0.00 -30.00 14.62 72.10 1.78 Max-Iter
20.66 46.43 14.49 0.41 0.39 0.03 0.00 -30.00 14.62 46.50 1.78 Max-Iter
22.95 51.76 14.64 0.42 0.14 -0.03 -0.00 -30.00 14.62 45.73 1.76 Max-Iter
25.34 57.10 14.70 0.41 -0.05 -0.03 -0.00 -30.00 14.66 48.03 1.77 Max-Iter
27.68 62.50 14.68 0.40 -0.19 -0.03 -0.00 -30.00 14.73 50.76 1.76 Max-Iter
29.96 67.91 14.60 0.38 -0.95 -0.03 -0.00 -30.00 13.93 100.47 1.73 Max-Iter
32.14 73.33 14.22 0.37 -2.00 0.07 0.00 -30.00 11.73 846.34 1.73 Max-Iter
34.21 78.63 13.42 0.40 -2.00 0.39 0.00 -30.00 11.74 2897.96 1.73 Max-Iter
36.31 83.57 12.62 0.56 -2.00 0.40 0.00 -30.00 11.74 3947.58 1.74 Max-Iter
38.98 87.85 11.82 0.72 1.97 0.31 0.00 -29.99 13.24 3570.08 1.73 Max-Iter
42.09 91.41 12.61 0.84 1.95 -0.07 -0.00 -29.97 14.91 2495.50 1.78 Max-Iter
45.86 94.77 13.39 0.82 0.82 -0.11 -0.00 -30.00 14.31 1953.75 1.81 Max-Iter
49.77 98.43 13.72 0.77 -0.04 -0.21 -0.00 -29.99 13.93 1762.08 1.73 Max-Iter
53.60 102.37 13.71 0.69 0.76 -0.21 -0.00 -30.00 14.47 1479.95 1.74 Max-Iter
57.07 106.60 14.01 0.60 0.47 -0.24 -0.00 -30.00 14.36 1272.79 1.75 Max-Iter
60.26 111.22 14.20 0.51 0.29 -0.25 -0.00 -30.00 14.33 1051.58 1.76 Max-Iter
63.02 116.18 14.32 0.41 -0.96 -0.31 -0.00 -30.03 14.06 913.74 1.73 Max-Iter
65.28 121.44 13.93 0.28 0.37 -0.15 -0.00 -29.99 14.38 603.86 1.78 Max-Iter
66.83 126.79 14.08 0.22 0.34 -0.16 -0.00 -30.00 14.48 514.49 1.74 Max-Iter
68.07 132.29 14.22 0.16 0.24 -0.16 -0.00 -30.00 14.49 450.26 1.79 Max-Iter
68.96 137.91 14.31 0.09 0.17 -0.14 -0.00 -30.00 14.50 400.87 1.78 Max-Iter
69.50 143.61 14.38 0.04 -0.46 -0.17 -0.00 -30.00 13.87 454.36 1.79 Max-Iter
69.71 149.35 14.19 -0.03 0.23 -0.13 -0.00 -30.00 14.52 314.22 1.74 Max-Iter
69.52 155.03 14.29 -0.09 0.02 -0.13 -0.00 -30.00 14.56 299.04 1.80 Max-Iter
69.03 160.72 14.29 -0.14 0.01 -0.13 -0.00 -30.00 14.56 296.70 1.73 Max-Iter
68.25 166.38 14.30 -0.19 -0.01 -0.13 -0.00 -30.00 14.49 299.38 1.79 Max-Iter
67.18 172.00 14.29 -0.24 -0.11 -0.13 -0.00 -30.00 14.54 311.62 1.80 Max-Iter
65.83 177.56 14.25 -0.29 -0.10 -0.14 -0.00 -30.00 14.54 331.69 1.80 Max-Iter
64.19 183.02 14.21 -0.35 -0.15 -0.15 -0.00 -30.00 14.50 357.20 1.82 Max-Iter
62.26 188.36 14.15 -0.41 1.46 -0.02 -0.00 -30.00 13.81 1088.08 1.78 Max-Iter
60.03 193.57 14.73 -0.41 -0.77 -0.23 -0.00 -29.96 14.10 664.49 1.74 Max-Iter
57.66 198.97 14.43 -0.50 -2.00 -0.19 -0.00 -30.00 12.76 555.89 1.74 Max-Iter
54.88 204.02 13.63 -0.58 -2.00 -0.18 -0.00 -29.99 10.92 537.16 1.74 Max-Iter
51.90 208.59 12.83 -0.65 -2.00 -0.19 -0.00 -30.00 9.99 539.88 1.75 Max-Iter
48.80 212.67 12.03 -0.72 -2.00 -0.17 -0.00 -30.00 8.60 546.96 1.77 Max-Iter
45.61 216.28 11.23 -0.79 -1.97 -0.18 -0.00 -29.91 7.70 583.83 1.74 Max-Iter
42.41 219.42 10.44 -0.87 -2.00 -0.18 -0.00 -29.99 6.80 585.32 1.77 Max-Iter
39.23 222.12 9.64 -0.94 -2.00 -0.17 -0.00 -29.99 5.92 606.28 1.70 Max-Iter
