32.00 2.00 14.67 0.00 -0.00 0.00 0.00 0.00 14.67 519.84 0.33 Solved
32.00 9.33 14.67 0.00 0.00 0.00 0.00 0.00 14.67 486.94 6.51 Solved
32.00 16.67 14.67 0.00 -0.00 0.08 0.04 -9.53 14.67 455.16 10.47 Solved
32.00 24.00 14.66 0.04 0.00 0.09 0.04 -14.11 14.67 429.47 8.67 Solved
32.29 31.33 14.67 0.09 0.00 0.08 0.04 -14.80 14.67 419.55 11.57 Solved
32.91 38.63 14.67 0.12 0.00 0.06 0.03 -15.56 14.67 420.61 11.82 Solved
33.82 45.91 14.67 0.15 0.00 0.05 0.02 -16.40 14.67 427.74 15.74 Solved
34.95 53.16 14.67 0.18 0.00 0.03 0.01 -17.33 14.67 436.65 25.55 Solved
36.24 60.38 14.67 0.19 -0.00 0.02 0.01 -18.37 14.67 443.67 28.56 Solved
37.65 67.57 14.67 0.20 -0.00 0.00 0.00 -19.54 14.67 445.76 27.53 Solved
39.11 74.76 14.67 0.20 -0.00 0.00 0.00 -20.86 14.67 440.50 32.97 Solved
40.57 81.95 14.67 0.20 -0.00 0.00 0.00 -22.37 14.67 438.89 39.73 Solved
42.03 89.13 14.67 0.20 -0.00 -0.00 -0.00 -24.09 14.67 441.46 38.71 Solved
43.49 96.32 14.67 0.20 -0.00 0.00 0.00 -26.08 14.67 448.88 38.38 Solved
44.95 103.51 14.67 0.20 -0.00 0.00 0.00 -28.40 14.67 462.00 45.51 Solved
46.41 110.69 14.67 0.20 -0.00 0.02 0.01 -34.42 14.67 481.93 36.97 Solved
47.87 117.88 14.67 0.21 0.00 0.04 0.02 -41.35 14.67 537.41 38.97 Solved
49.42 125.05 14.67 0.23 0.00 0.04 0.02 -45.72 14.67 634.06 37.19 Solved
51.12 132.18 14.67 0.25 0.00 0.03 0.01 -50.85 14.67 748.59 21.05 Solved
52.94 139.28 14.67 0.27 0.00 0.02 0.01 -56.86 14.67 884.11 16.84 Solved
54.87 146.36 14.67 0.28 -0.00 0.01 0.01 -63.81 14.67 1045.12 16.85 Solved
56.87 153.41 14.67 0.28 -0.00 0.01 0.00 -71.69 14.67 1237.96 9.10 Solved
58.93 160.45 14.67 0.29 -0.00 -0.00 -0.00 -80.36 14.67 1471.41 5.60 Solved
61.00 167.49 14.67 0.29 -0.00 -0.00 -0.00 -89.50 14.67 1757.49 5.19 Solved
63.08 174.52 14.67 0.29 -0.01 -0.36 -0.17 -30.00 14.66 2132.85 5.09 Solved
65.16 181.55 14.66 0.11 -0.01 -0.37 -0.17 -30.00 14.66 1673.87 3.12 Solved
65.94 188.84 14.66 -0.08 -0.01 -0.40 -0.18 -30.00 14.66 1248.80 3.32 Solved
65.35 196.15 14.65 -0.28 -0.17 -0.28 -0.13 135.52 14.41 834.04 39.22 Max-Iter
