32.00 2.00 14.67 0.00 0.00 0.00 0.00 -0.00 14.67 519.84 1.79 Solved
32.00 9.33 14.67 0.00 -0.00 0.00 0.00 -0.00 14.67 486.94 1.95 Solved
32.00 16.67 14.67 0.00 0.00 0.00 0.00 -0.00 14.67 455.11 4.02 Solved
32.00 24.00 14.67 0.00 0.00 0.00 0.00 -0.00 14.67 424.36 3.91 Solved
32.00 31.33 14.67 0.00 -0.00 0.00 0.00 -0.00 14.67 394.68 6.85 Solved
32.00 38.67 14.67 0.00 -0.01 0.09 0.04 -10.96 14.66 366.15 9.37 Solved
32.00 46.00 14.66 0.04 0.00 0.15 0.07 -21.74 14.67 344.81 8.01 Solved
32.32 53.32 14.66 0.12 0.00 0.12 0.06 -22.96 14.67 358.71 18.02 Solved
33.17 60.61 14.67 0.18 -0.02 0.19 0.09 -40.78 14.66 400.74 20.42 Solved
34.48 67.82 14.66 0.27 -1.26 0.52 0.24 13.35 14.28 550.69 10.11 Solved
36.45 74.88 14.03 0.53 0.79 0.05 0.02 -51.07 14.67 1282.28 16.42 Solved
40.02 80.92 14.42 0.56 0.30 0.04 0.02 -53.97 14.67 1458.16 16.96 Solved
43.85 87.03 14.57 0.58 0.12 0.03 0.01 -57.09 14.67 1647.55 17.57 Solved
47.84 93.12 14.63 0.60 0.04 0.02 0.01 -60.46 14.67 1847.30 17.10 Solved
51.94 99.18 14.65 0.61 0.02 0.01 0.00 -64.06 14.67 2055.49 21.58 Solved
56.11 105.20 14.66 0.61 0.01 0.00 0.00 -67.90 14.67 2270.59 19.90 Solved
60.32 111.21 14.66 0.61 0.00 -0.00 -0.00 -71.95 14.67 2491.29 14.54 Solved
64.52 117.22 14.67 0.61 -0.00 -0.23 -0.11 -30.00 14.67 2747.21 20.75 Solved
68.73 123.22 14.66 0.50 -0.00 -0.21 -0.10 -30.00 14.67 2370.95 25.37 Solved
72.21 129.68 14.66 0.39 -0.00 -0.20 -0.09 -30.00 14.67 2059.98 23.68 Solved
74.99 136.46 14.66 0.29 -0.00 -0.19 -0.09 -30.00 14.67 1799.93 26.86 Solved
77.06 143.49 14.66 0.19 -0.00 -0.18 -0.08 -30.00 14.67 1579.34 25.76 Solved
78.46 150.69 14.66 0.10 -0.00 -0.18 -0.08 -30.00 14.67 1388.91 21.78 Solved
79.20 157.99 14.66 0.01 -0.00 -0.18 -0.08 -30.00 14.67 1220.92 18.91 Solved
79.28 165.32 14.66 -0.08 -0.00 -0.18 -0.08 -30.00 14.67 1068.68 15.58 Solved
78.70 172.63 14.66 -0.17 -0.00 -0.19 -0.09 -30.00 14.67 926.04 12.27 Solved
77.48 179.85 14.66 -0.26 -0.00 -0.20 -0.09 -30.00 14.67 786.95 8.16 Solved
75.58 186.94 14.66 -0.36 -0.00 -0.22 -0.10 -30.00 14.67 644.95 8.54 Solved
72.99 193.79 14.66 -0.47 -0.00 -0.26 -0.12 -30.00 14.66 492.82 8.73 Solved
69.65 200.32 14.66 -0.60 -0.82 -0.41 -0.19 69.65 14.20 334.42 101.17 Max-Iter
