14.00 2.00 14.67 0.00 0.00 -0.04 -0.00 2.16 14.67 8529.64 2.16 Solved
14.03 7.87 14.67 -0.01 -0.00 -0.10 -0.00 7.03 14.67 8687.79 2.27 Solved
13.95 13.73 14.67 -0.05 -0.00 -0.24 -0.00 15.23 14.67 9078.24 2.12 Solved
13.63 19.59 14.67 -0.15 0.00 -0.33 -0.00 21.78 14.67 10082.22 3.48 Acceptable
12.76 25.39 14.67 -0.28 -0.00 -0.35 -0.00 22.10 14.67 11542.13 2.17 Solved
11.13 31.03 14.67 -0.42 -0.00 -0.30 -0.00 22.52 14.67 13156.66 2.25 Solved
8.74 36.39 14.67 -0.54 0.00 -0.31 -0.00 24.70 14.67 14586.27 2.69 Solved
5.71 41.41 14.67 -0.66 0.00 -0.16 -0.00 17.05 14.67 16042.17 2.37 Solved
2.10 46.03 14.67 -0.73 -0.00 -0.08 -0.00 23.64 14.67 16627.28 2.09 Solved
-1.80 50.41 14.67 -0.76 0.00 -0.01 -0.00 23.44 14.67 16742.69 2.50 Solved
-5.84 54.67 14.67 -0.76 0.00 0.09 0.00 22.98 14.67 16440.85 1.86 Solved
-9.90 58.91 14.67 -0.73 -0.00 0.15 0.00 22.46 14.67 15527.62 1.85 Solved
-13.80 63.29 14.67 -0.67 0.00 0.23 0.00 21.04 14.67 14321.95 2.68 Acceptable
-17.43 67.89 14.67 -0.58 -0.00 0.03 0.00 21.84 14.67 12772.28 2.20 Solved
-20.64 72.81 14.67 -0.57 0.00 0.21 0.00 20.32 14.67 12301.00 1.96 Solved
-23.79 77.76 14.67 -0.48 -0.00 0.12 0.00 19.61 14.67 10938.42 2.07 Solved
-26.52 82.95 14.67 -0.43 0.00 0.13 0.00 18.95 14.67 10049.03 2.20 Solved
-28.98 88.27 14.67 -0.38 -0.00 0.15 0.00 17.98 14.67 9152.26 2.12 Solved
-31.16 93.72 14.67 -0.32 0.00 0.16 0.00 16.92 14.67 8242.71 2.56 Solved
-33.00 99.29 14.67 -0.26 0.00 0.16 0.00 15.78 14.67 7347.40 2.29 Solved
-34.50 104.97 14.67 -0.19 -0.00 0.16 0.00 14.14 14.67 6498.04 2.63 Solved
-35.62 110.72 14.67 -0.13 -0.00 0.16 0.00 12.66 14.67 5694.52 2.50 Solved
-36.37 116.54 14.67 -0.06 -0.00 0.17 0.00 9.71 14.67 4953.55 2.18 Solved
-36.74 122.40 14.67 0.00 0.00 0.16 0.00 8.09 14.67 4246.22 2.57 Solved
-36.72 128.26 14.67 0.07 0.00 0.16 0.00 6.62 14.67 3623.39 2.35 Solved
-36.31 134.12 14.67 0.13 -0.00 0.15 0.00 5.12 14.67 3067.50 2.26 Solved
-35.54 139.93 14.67 0.19 0.00 0.15 0.00 3.64 14.67 2573.45 1.99 Solved
-34.42 145.69 14.67 0.25 -0.00 0.14 0.00 2.18 14.67 2138.75 2.31 Solved
-32.96 151.37 14.67 0.31 -0.00 0.14 0.00 0.71 14.67 1760.33 2.20 Solved
-31.18 156.96 14.67 0.36 0.00 0.13 0.00 -0.70 14.67 1434.61 2.44 Solved
-29.09 162.44 14.67 0.42 -0.00 0.12 0.00 -2.09 14.67 1158.85 2.20 Solved
-26.72 167.81 14.67 0.46 0.00 0.02 0.00 6.76 14.67 929.35 2.24 Solved
-24.10 173.06 14.67 0.47 -10.00 -0.10 -0.00 18.56 7.33 929.82 1.56 Solved
-21.44 178.29 10.67 0.43 -8.33 -0.29 -0.00 26.94 7.33 958.88 1.97 Solved
-19.66 182.17 7.33 0.32 0.00 0.17 0.00 5.48 7.33 1326.41 1.50 Solved
-18.74 184.95 7.33 0.38 0.00 0.17 0.00 -0.66 7.33 1004.60 2.45 Solved
-17.65 187.67 7.33 0.45 -0.00 0.09 0.00 4.65 7.33 730.24 2.46 Solved
-16.37 190.31 7.33 0.49 -9.17 0.29 0.00 -8.18 3.67 599.38 2.58 Solved
-14.99 192.90 3.67 0.61 0.00 0.14 0.00 -6.74 3.67 288.70 2.13 Solved
-14.15 194.11 3.67 0.66 -0.00 -0.13 -0.00 8.58 3.67 189.82 2.26 Solved
-13.25 195.26 3.67 0.61 0.00 0.02 0.00 2.26 3.67 274.39 2.52 Solved
-12.41 196.47 3.67 0.62 -4.58 0.09 0.00 -4.25 1.83 259.03 1.73 Solved
-11.56 197.66 1.83 0.65 -0.00 0.02 0.00 5.94 1.83 191.50 1.62 Solved
-11.12 198.25 1.83 0.66 0.00 -0.11 -0.00 7.16 1.83 180.40 2.11 Solved
-10.67 198.83 1.83 0.62 -0.00 0.05 0.00 0.52 1.83 248.02 2.30 Solved
