14.00 2.00 14.67 0.00 -0.00 0.00 0.00 0.00 14.67 139.24 0.36 Solved
14.00 7.87 14.67 0.00 0.00 0.00 0.00 0.00 14.67 125.74 0.34 Acceptable
14.00 13.73 14.67 0.00 -0.00 0.00 0.00 0.00 14.67 112.93 0.30 Solved
14.00 19.60 14.67 0.00 0.00 0.00 0.00 0.00 14.67 100.80 0.27 Solved
14.00 25.47 14.67 0.00 0.00 0.00 0.00 0.00 14.67 89.37 0.29 Solved
14.00 31.33 14.67 0.00 -0.00 0.00 0.00 0.00 14.67 78.62 0.35 Solved
14.00 37.20 14.67 0.00 -0.00 0.00 0.00 0.00 14.67 68.56 0.30 Solved
14.00 43.07 14.67 0.00 0.00 0.00 0.00 0.00 14.67 59.19 0.33 Solved
14.00 48.93 14.67 0.00 -0.00 0.00 0.00 0.00 14.67 50.50 0.30 Solved
14.00 54.80 14.67 0.00 0.00 0.00 0.00 0.00 14.67 42.51 0.29 Solved
14.00 60.67 14.67 0.00 -0.00 0.00 0.00 0.00 14.67 35.20 0.31 Solved
14.00 66.53 14.67 0.00 -0.00 0.00 0.00 0.00 14.67 28.59 0.30 Solved
14.00 72.40 14.67 0.00 0.00 0.00 0.00 0.00 14.67 22.66 0.27 Solved
14.00 78.27 14.67 0.00 -6.00 0.00 0.00 0.00 10.36 39.54 0.32 Solved
14.00 84.13 12.27 0.00 -6.00 0.00 0.00 0.00 6.06 67.81 0.38 Solved
14.00 89.04 9.87 0.00 -6.00 0.00 0.00 0.00 1.76 119.63 0.27 Solved
14.00 92.99 7.47 0.00 -6.00 0.00 0.00 0.00 0.00 210.95 0.13 Solved
14.00 95.97 5.07 0.00 -6.00 0.00 0.00 0.00 0.00 441.51 0.15 Solved
14.00 98.00 2.67 0.00 -6.00 0.00 0.00 0.00 0.00 869.25 0.14 Solved
14.00 99.07 0.27 0.00 -6.00 0.00 0.00 0.00 -0.00 1525.10 0.14 Solved
14.00 99.17 -2.13 0.00 -6.00 0.00 -0.00 0.00 -0.00 2448.12 0.12 Solved
