14.00 2.00 14.67 0.00 -0.00 0.00 0.00 -0.00 14.67 519.84 1.07 Max-Iter
14.01 7.87 14.67 0.00 -0.00 0.00 0.00 0.01 14.67 493.44 1.08 Max-Iter
14.01 13.73 14.67 0.00 -0.00 -0.00 -0.00 -0.00 14.67 467.72 1.01 Max-Iter
14.02 19.60 14.67 0.00 0.00 0.00 0.00 -0.01 14.67 442.69 1.01 Max-Iter
14.02 25.47 14.67 0.00 -0.01 -0.00 -0.00 0.02 14.67 418.36 0.99 Max-Iter
14.03 31.33 14.66 0.00 0.00 0.01 0.00 0.00 14.68 395.12 0.99 Max-Iter
14.03 37.20 14.67 0.00 -0.55 0.26 0.12 -28.44 14.39 1254.91 1.00 Max-Iter
14.05 43.07 14.45 0.11 -0.69 0.52 0.23 -30.00 14.27 2905.76 0.98 Max-Iter
14.67 48.81 14.17 0.32 -0.25 0.52 0.23 -30.00 14.34 3649.04 0.97 Max-Iter
16.44 54.19 14.07 0.53 0.26 0.51 0.22 -30.00 14.39 3715.89 0.98 Max-Iter
19.28 59.06 14.17 0.73 0.56 0.33 0.15 -30.00 14.43 3212.87 0.97 Max-Iter
23.06 63.28 14.40 0.86 0.28 0.18 0.08 -30.00 14.55 2807.74 1.00 Max-Iter
27.44 67.02 14.51 0.93 0.12 0.02 0.01 -30.00 14.59 2540.53 1.00 Max-Iter
32.10 70.48 14.55 0.94 0.15 -0.07 -0.03 -30.00 14.59 2338.07 1.00 Max-Iter
36.81 73.89 14.61 0.91 0.12 -0.15 -0.07 -30.00 14.61 2131.74 1.02 Max-Iter
41.44 77.46 14.66 0.85 0.01 -0.19 -0.09 -29.98 14.57 1907.16 1.00 Max-Iter
45.86 81.32 14.67 0.78 0.02 -0.24 -0.11 -30.00 14.65 1698.96 1.05 Max-Iter
49.96 85.51 14.68 0.68 -0.04 -0.23 -0.11 -30.00 14.65 1488.67 1.00 Max-Iter
53.65 90.08 14.66 0.58 -0.04 -0.21 -0.09 -30.00 14.65 1322.10 1.02 Max-Iter
56.88 94.97 14.65 0.50 0.04 -0.19 -0.09 -29.99 14.53 1222.36 0.98 Max-Iter
59.70 100.11 14.66 0.43 -0.01 -0.17 -0.08 -30.00 14.54 1155.46 1.01 Max-Iter
62.12 105.45 14.66 0.36 0.24 -0.27 -0.12 -29.84 14.85 1251.32 1.01 Max-Iter
64.17 110.95 14.75 0.25 -0.12 -0.13 -0.06 -29.99 14.67 1009.57 1.00 Max-Iter
65.63 116.66 14.70 0.20 -0.01 -0.13 -0.06 -30.00 14.65 1036.74 1.03 Max-Iter
66.78 122.43 14.70 0.15 -0.02 -0.12 -0.05 -30.00 14.65 1080.04 1.05 Max-Iter
67.63 128.25 14.69 0.10 -0.04 -0.12 -0.05 -30.00 14.66 1137.57 1.06 Max-Iter
68.21 134.10 14.68 0.05 -0.01 -0.11 -0.05 -30.00 14.65 1208.66 1.16 Max-Iter
68.51 139.96 14.68 0.01 -0.03 -0.11 -0.05 -30.00 14.66 1293.09 1.32 Max-Iter
68.55 145.83 14.66 -0.04 -0.02 -0.11 -0.05 -30.00 14.66 1391.30 0.99 Max-Iter
68.33 151.69 14.66 -0.08 -0.01 -0.11 -0.05 -30.00 14.65 1504.27 1.07 Max-Iter
67.84 157.53 14.65 -0.13 -0.01 -0.12 -0.05 -30.00 14.65 1632.37 1.10 Max-Iter
67.09 163.35 14.64 -0.17 -0.01 -0.12 -0.05 -30.00 14.65 1777.36 1.04 Max-Iter
66.08 169.12 14.64 -0.22 -0.01 -0.12 -0.06 -30.00 14.65 1941.58 1.04 Max-Iter
64.79 174.83 14.64 -0.27 -0.01 -0.13 -0.06 -30.00 14.65 2128.08 1.03 Max-Iter
63.21 180.47 14.63 -0.33 -0.02 -0.14 -0.06 -30.00 14.64 2340.29 1.02 Max-Iter
61.35 186.01 14.62 -0.38 -1.59 -0.14 -0.06 -30.00 13.21 2987.01 0.98 Max-Iter
59.17 191.44 13.99 -0.44 -2.00 -0.13 -0.06 -30.00 11.94 3760.59 0.94 Max-Iter
56.80 196.52 13.19 -0.49 -2.00 -0.13 -0.05 -30.00 10.78 4439.29 0.98 Max-Iter
54.33 201.18 12.39 -0.54 -2.00 -0.12 -0.05 -30.00 9.72 5063.96 0.97 Max-Iter
51.79 205.43 11.59 -0.59 -2.00 -0.13 -0.05 -29.99 8.66 5594.25 1.01 Max-Iter
49.21 209.29 10.79 -0.64 -2.00 -0.13 -0.04 -30.00 7.90 5992.81 1.04 Max-Iter
46.64 212.75 9.99 -0.69 -2.00 -0.13 -0.04 -30.00 7.10 6271.56 1.10 Max-Iter
44.10 215.84 9.19 -0.74 -2.00 -0.13 -0.04 -30.00 6.40 6442.72 1.09 Max-Iter
41.62 218.55 8.39 -0.79 -2.00 -0.10 -0.03 -30.00 5.78 6551.90 0.97 Max-Iter
39.24 220.92 7.59 -0.83 -2.00 -0.13 -0.03 -30.00 5.15 6609.42 1.07 Max-Iter
37.00 222.96 6.79 -0.88 -2.00 -0.11 -0.02 -30.00 4.69 6660.34 1.00 Max-Iter
34.90 224.69 5.99 -0.93 -2.00 -0.11 -0.02 -29.99 4.24 6736.38 0.99 Max-Iter
32.98 226.13 5.19 -0.97 -1.66 -0.11 -0.02 -30.00 3.70 6836.12 1.02 Max-Iter
31.27 227.29 4.53 -1.02 -1.49 -0.13 -0.02 -30.01 3.31 7072.85 0.97 Max-Iter
29.73 228.24 3.93 -1.07 -1.15 -0.10 -0.01 -29.99 2.97 7345.00 0.95 Max-Iter
28.35 229.00 3.47 -1.11 -0.83 -0.10 -0.01 -29.99 2.64 7670.79 0.98 Max-Iter
27.11 229.62 3.13 -1.15 -0.69 -0.10 -0.01 -29.98 2.36 8056.96 1.05 Max-Iter
25.96 230.13 2.86 -1.19 -0.69 -0.10 -0.01 -29.98 2.13 72795.45 1.02 Max-Iter
24.90 230.56 2.58 -1.23 -0.65 -0.09 -0.01 -30.00 1.92 71516.97 0.96 Max-Iter
23.93 230.91 2.32 -1.26 -0.61 -0.09 -0.01 -30.00 1.73 70252.86 0.98 Max-Iter
