14.00 2.00 14.67 0.12 -0.09 0.00 0.00 -0.00 14.63 5.33 0.58 Solved
14.72 7.82 14.63 0.12 -0.10 -0.00 -0.00 -0.00 14.60 5.06 0.53 Solved
15.43 13.63 14.59 0.12 -0.13 -0.00 -0.00 -0.00 14.56 4.80 0.52 Solved
16.14 19.42 14.54 0.12 -0.21 -0.00 -0.00 -0.00 14.49 4.55 0.53 Solved
16.85 25.20 14.45 0.12 -0.53 -0.00 -0.00 0.00 14.27 4.31 0.62 Solved
17.55 30.93 14.24 0.12 -2.00 -0.23 -0.10 14.32 13.20 329.45 0.83 Solved
18.25 36.59 13.44 0.03 -2.00 -0.30 -0.12 24.56 13.20 551.41 1.39 Solved
18.41 41.96 12.64 -0.09 -2.00 -0.22 -0.08 24.75 13.20 240.55 0.91 Solved
17.96 47.00 11.84 -0.18 -2.00 -0.13 -0.05 25.30 13.20 75.44 1.00 Solved
17.13 51.66 11.04 -0.23 -0.71 -0.07 -0.02 26.19 13.44 19.99 1.17 Solved
16.14 55.97 10.76 -0.25 2.00 -0.02 -0.01 27.04 13.69 4.32 0.68 Solved
15.06 60.13 11.56 -0.26 1.27 -0.03 -0.01 18.54 13.70 160.26 20.10 Max-Iter
13.86 64.60 12.06 -0.27 0.91 -0.01 -0.00 14.30 13.80 367.50 21.94 Max-Iter
12.55 69.24 12.43 -0.28 -2.00 0.00 0.00 30.00 13.20 3.09 1.38 Solved
11.18 74.02 11.63 -0.28 -2.00 0.01 0.00 30.00 13.20 4.58 0.90 Solved
9.91 78.50 10.83 -0.27 -2.00 0.02 0.01 30.00 13.20 6.56 0.88 Solved
8.75 82.67 10.03 -0.27 -0.07 0.02 0.01 30.00 13.20 8.77 0.85 Solved
7.70 86.54 10.00 -0.26 0.00 0.02 0.01 30.00 13.20 11.04 0.84 Solved
6.68 90.41 10.00 -0.25 0.00 0.03 0.01 30.00 13.20 13.27 0.85 Solved
5.70 94.29 10.00 -0.24 -0.00 0.03 0.01 30.00 13.20 15.41 0.75 Solved
4.76 98.18 10.00 -0.22 -0.00 0.03 0.01 30.00 13.20 17.48 0.88 Solved
3.87 102.08 10.00 -0.21 -0.00 0.03 0.01 30.00 13.20 19.47 0.79 Solved
3.03 105.99 10.00 -0.20 -0.00 0.04 0.01 30.00 13.20 21.41 0.79 Solved
2.25 109.91 10.00 -0.18 -0.00 0.04 0.01 30.00 13.20 23.32 0.79 Solved
1.52 113.84 10.00 -0.17 -0.00 0.04 0.01 30.00 13.20 25.24 0.79 Solved
0.85 117.79 10.00 -0.15 -0.00 0.04 0.01 30.00 13.20 27.20 0.85 Solved
0.24 121.74 10.00 -0.14 -0.00 0.04 0.01 30.00 13.20 29.21 0.90 Solved
-0.30 125.70 10.00 -0.12 -0.00 0.05 0.01 30.00 13.20 31.33 0.91 Solved
-0.76 129.68 10.00 -0.10 -0.00 0.05 0.01 30.00 13.20 33.57 0.73 Solved
-1.16 133.66 10.00 -0.08 -0.00 0.05 0.02 30.00 13.20 35.97 0.73 Solved
-1.48 137.64 10.00 -0.06 -0.00 0.05 0.02 30.00 13.20 38.57 0.75 Solved
-1.73 141.64 10.00 -0.04 -0.00 0.05 0.02 30.00 13.20 41.41 0.73 Solved
-1.89 145.63 10.00 -0.02 -0.00 0.06 0.02 30.00 13.20 44.54 0.76 Solved
-1.97 149.63 10.00 0.00 -0.00 0.06 0.02 30.00 13.20 48.01 1.06 Solved
-1.95 153.63 10.00 0.03 -0.00 0.06 0.02 30.00 13.20 51.88 0.76 Solved
-1.85 157.63 10.00 0.05 -0.00 0.06 0.02 30.00 13.20 56.22 0.75 Solved
-1.65 161.62 10.00 0.08 -0.00 0.07 0.02 30.00 13.20 61.14 0.80 Solved
-1.35 165.61 10.00 0.10 -0.00 0.07 0.02 30.00 13.20 66.74 0.69 Solved
-0.94 169.59 10.00 0.13 -0.00 0.07 0.02 30.00 13.20 73.16 0.77 Solved
-0.42 173.56 10.00 0.16 -0.00 0.08 0.02 30.00 13.20 80.57 0.73 Solved
0.21 177.51 10.00 0.19 -0.00 0.08 0.03 30.00 13.20 89.22 0.72 Solved
0.96 181.44 10.00 0.22 -0.00 0.09 0.03 30.00 13.20 99.38 0.75 Solved
1.85 185.34 10.00 0.26 -0.00 0.09 0.03 30.00 13.20 111.46 0.75 Solved
2.87 189.21 10.00 0.29 -0.00 0.10 0.03 30.00 13.20 125.98 0.72 Solved
4.03 193.03 10.00 0.33 -0.00 0.11 0.03 30.00 13.20 143.68 0.68 Solved
5.34 196.81 10.00 0.38 -0.00 0.12 0.04 30.00 13.20 165.62 0.74 Solved
6.81 200.53 10.00 0.42 -0.00 0.13 0.04 30.00 13.20 193.31 0.66 Solved
8.46 204.18 10.00 0.48 -2.00 0.08 0.03 30.00 6.14 90.45 0.90 Solved
10.29 207.73 9.20 0.51 2.00 0.17 0.05 30.00 13.20 325.58 0.50 Solved
12.09 210.94 10.00 0.58 -2.00 0.11 0.03 30.00 6.48 148.08 0.74 Solved
14.28 214.29 9.20 0.62 -2.00 0.12 0.03 30.00 5.77 167.54 0.86 Solved
16.42 217.28 8.40 0.67 -2.00 0.12 0.03 30.00 5.05 180.75 0.74 Solved
18.51 219.91 7.60 0.72 -2.00 0.13 0.03 30.00 4.29 186.35 0.75 Solved
20.52 222.19 6.80 0.77 -2.00 0.12 0.03 30.00 3.50 183.10 0.75 Solved
22.42 224.14 6.00 0.82 -2.00 0.12 0.02 30.00 2.78 170.12 0.80 Solved
24.18 225.78 5.20 0.87 -2.00 0.11 0.02 30.00 1.94 147.48 0.84 Solved
25.76 227.12 4.40 0.91 -2.00 0.09 0.01 30.00 1.05 116.75 0.86 Solved
27.16 228.20 3.60 0.95 -2.00 0.07 0.01 30.00 0.08 81.54 0.85 Solved
28.33 229.04 2.80 0.98 -2.00 0.05 0.00 30.00 0.00 47.45 1.02 Solved
29.25 229.66 2.00 1.00 -2.00 0.03 0.00 30.00 0.00 24.55 0.85 Solved
29.93 230.10 1.20 1.01 -2.00 0.01 0.00 30.00 0.00 11.84 0.94 Solved
30.33 230.35 0.40 1.02 -1.95 0.00 0.00 29.98 0.00 8.43 3.53 Solved
30.47 230.44 -0.38 1.02 -0.87 0.00 -0.00 29.99 0.04 8.51 0.80 Solved
30.34 230.36 -0.73 1.02 -0.70 0.00 -0.00 28.90 0.04 8.43 4.11 Solved
30.09 230.20 -1.01 1.02 0.41 0.00 -0.00 29.86 0.20 8.29 0.98 Solved
29.75 229.99 -0.85 1.02 0.58 0.00 -0.00 30.00 0.54 8.11 0.87 Solved
29.46 229.81 -0.62 1.02 0.44 0.00 -0.00 29.89 0.59 7.96 0.88 Solved
29.25 229.68 -0.44 1.02 -0.40 0.00 -0.00 29.86 0.90 7.86 2.06 Solved
29.10 229.59 -0.60 1.02 0.02 0.00 -0.00 28.33 0.49 7.79 1.22 Solved
28.89 229.46 -0.59 1.02 -0.25 0.00 -0.00 27.76 0.52 7.70 1.20 Solved
28.69 229.34 -0.69 1.02 -0.04 0.00 -0.00 27.39 0.56 7.61 0.72 Solved
28.46 229.19 -0.71 1.02 0.13 -0.00 0.00 26.98 0.55 7.52 0.82 Solved
28.22 229.05 -0.66 1.02 0.22 0.00 -0.00 26.68 0.57 7.42 0.90 Solved
27.99 228.91 -0.57 1.02 0.25 0.00 -0.00 26.48 0.60 7.34 0.76 Solved
27.80 228.79 -0.46 1.02 0.23 0.00 -0.00 26.31 0.62 7.27 0.77 Solved
27.64 228.69 -0.37 1.02 0.13 0.00 -0.00 26.12 0.63 7.21 0.82 Solved
27.52 228.61 -0.32 1.02 0.02 0.00 -0.00 25.86 0.60 7.17 0.79 Solved
27.41 228.55 -0.31 1.02 0.04 0.00 -0.00 25.70 0.59 7.13 0.69 Solved
27.30 228.48 -0.30 1.02 0.05 0.00 -0.00 25.54 0.59 7.09 0.66 Solved
27.20 228.42 -0.28 1.02 0.05 0.00 -0.00 25.39 0.59 7.06 0.77 Solved
