14.00 2.00 14.67 0.00 -0.30 -0.00 -0.00 -0.00 14.50 5.20 0.97 Solved
14.01 7.87 14.54 0.00 -0.50 0.00 0.00 0.00 14.32 4.93 0.91 Solved
14.01 13.68 14.35 0.00 -1.29 0.00 0.00 -0.00 13.76 4.68 0.62 Solved
14.02 19.42 13.83 0.00 -2.00 0.21 0.09 -15.00 13.20 344.47 1.50 Solved
14.02 24.96 13.03 0.09 -2.00 0.38 0.16 -15.00 13.20 1253.21 1.44 Solved
14.47 30.15 12.23 0.24 -1.56 0.28 0.11 -15.00 15.82 962.13 3.12 Solved
15.63 34.90 11.61 0.35 2.00 0.16 0.06 -15.00 14.17 547.93 4.27 Solved
17.23 39.26 12.41 0.42 2.00 0.07 0.03 -15.00 13.28 378.96 7.42 Solved
19.24 43.79 13.21 0.44 2.00 -0.01 -0.00 -15.00 13.20 315.25 8.61 Acceptable
21.52 48.56 14.01 0.44 -1.53 -0.06 -0.03 -15.00 13.20 283.03 6.95 Solved
23.91 53.63 13.39 0.42 -2.00 -0.10 -0.04 -15.00 13.20 248.38 2.68 Solved
26.09 58.52 12.59 0.38 -2.00 -0.10 -0.04 -15.00 13.20 196.81 3.10 Solved
27.94 63.21 11.79 0.34 -2.00 -0.09 -0.03 -15.00 13.20 153.66 2.22 Solved
29.49 67.66 10.99 0.30 -2.00 -0.08 -0.03 -15.00 13.20 120.54 2.59 Solved
30.80 71.86 10.19 0.27 -2.00 -0.07 -0.02 -15.00 13.20 95.47 2.33 Solved
31.89 75.79 9.39 0.24 -2.00 -0.06 -0.02 -15.00 13.20 75.95 2.15 Solved
32.79 79.44 8.59 0.22 -0.48 -0.05 -0.01 -15.00 13.20 61.04 1.94 Solved
33.54 82.79 8.40 0.20 -0.00 -0.05 -0.01 -15.00 13.20 49.73 1.98 Solved
34.19 86.09 8.40 0.18 -0.00 -0.04 -0.01 -15.00 13.20 41.10 2.76 Solved
34.79 89.40 8.40 0.16 -0.00 -0.04 -0.01 -15.00 13.20 34.49 2.05 Solved
35.32 92.71 8.40 0.14 -0.00 -0.04 -0.01 -15.00 13.20 29.41 1.93 Solved
35.80 96.04 8.40 0.13 -0.00 -0.03 -0.01 -15.00 13.20 25.48 1.85 Solved
36.23 99.37 8.40 0.11 -0.00 -0.03 -0.01 -15.00 13.20 22.44 2.74 Solved
36.61 102.71 8.40 0.10 -0.00 -0.03 -0.01 -15.00 13.20 20.09 2.32 Solved
36.95 106.05 8.40 0.09 -0.00 -0.03 -0.01 -15.00 13.20 18.26 1.99 Solved
37.25 109.40 8.40 0.08 -0.00 -0.03 -0.01 -15.00 13.20 16.87 2.28 Solved
37.51 112.75 8.40 0.07 -0.00 -0.03 -0.01 -15.00 13.20 15.80 2.62 Solved
37.73 116.10 8.40 0.05 -0.00 -0.03 -0.01 -15.00 13.20 15.02 2.39 Solved
37.91 119.46 8.40 0.04 -0.00 -0.03 -0.01 -15.00 13.20 14.46 2.50 Solved
38.06 122.81 8.40 0.03 -0.00 -0.03 -0.01 -15.00 13.20 14.09 2.77 Solved
38.17 126.17 8.40 0.02 -0.00 -0.03 -0.01 -15.00 13.20 13.90 2.13 Solved
38.25 129.53 8.40 0.01 -0.00 -0.03 -0.01 -15.00 13.20 13.85 3.11 Solved
