14.00 2.00 14.67 0.00 -0.19 -0.00 -0.00 -0.00 14.75 52.61 1.83 Max-Iter
14.01 7.87 14.59 0.00 -0.70 0.01 0.00 -0.87 14.69 60.93 1.81 Max-Iter
14.01 13.70 14.31 0.00 -2.00 0.18 0.00 -17.47 13.98 495.83 1.82 Max-Iter
14.04 19.43 13.51 0.08 0.56 0.24 0.00 -27.72 15.08 565.21 1.72 Max-Iter
14.46 24.82 13.74 0.17 0.07 0.21 0.00 -29.13 14.28 378.16 1.69 Max-Iter
15.42 30.23 13.77 0.26 0.54 0.16 0.00 -29.50 14.72 208.69 1.78 Max-Iter
16.82 35.55 13.98 0.32 0.56 0.12 0.00 -29.94 14.63 119.45 1.78 Max-Iter
18.58 40.86 14.21 0.37 0.55 0.08 0.00 -30.00 14.65 66.44 1.73 Max-Iter
20.63 46.16 14.43 0.40 0.42 0.03 0.00 -30.00 14.62 44.73 1.78 Max-Iter
22.88 51.48 14.59 0.41 0.23 -0.07 -0.00 -30.00 14.76 78.39 1.80 Max-Iter
25.24 56.82 14.69 0.39 -0.03 -0.02 -0.00 -30.00 14.66 37.90 1.76 Max-Iter
27.45 62.26 14.67 0.38 -0.04 -0.03 -0.00 -30.00 14.67 40.47 1.77 Max-Iter
29.62 67.71 14.66 0.37 -0.03 -0.03 -0.00 -30.00 14.65 43.48 1.74 Max-Iter
31.73 73.18 14.65 0.36 -0.09 0.14 0.00 -30.00 14.84 314.46 1.75 Max-Iter
33.78 78.67 14.61 0.41 -2.00 0.04 0.00 -30.00 12.50 493.90 1.74 Max-Iter
36.12 84.03 13.81 0.43 -2.00 0.20 0.00 -30.00 11.73 1507.18 1.76 Max-Iter
38.41 89.05 13.01 0.51 1.98 0.16 0.00 -29.99 15.06 1441.70 1.69 Max-Iter
40.95 93.60 13.80 0.57 1.23 0.05 0.00 -30.00 14.80 1087.24 1.78 Max-Iter
43.94 98.24 14.30 0.59 0.31 -0.05 -0.00 -30.00 14.61 960.86 1.77 Max-Iter
47.13 102.99 14.42 0.57 0.23 -0.11 -0.00 -30.00 14.40 894.63 1.80 Max-Iter
50.25 107.84 14.51 0.53 0.31 -0.15 -0.00 -30.00 14.60 840.03 1.70 Max-Iter
53.17 112.85 14.64 0.47 0.45 -0.21 -0.00 -30.00 14.66 769.57 1.75 Max-Iter
55.80 118.08 14.82 0.38 -0.83 -0.19 -0.00 -30.00 14.67 620.77 1.78 Max-Iter
58.01 123.59 14.48 0.31 0.00 -0.17 -0.00 -30.00 14.41 527.46 1.76 Max-Iter
59.76 129.11 14.49 0.24 0.04 -0.16 -0.00 -30.00 14.45 463.65 1.71 Max-Iter
61.13 134.74 14.50 0.18 -0.02 -0.16 -0.00 -29.87 14.40 419.25 1.74 Max-Iter
62.15 140.45 14.49 0.11 -0.05 -0.14 -0.00 -30.00 14.39 371.10 1.78 Max-Iter
62.81 146.21 14.47 0.06 -0.04 -0.13 -0.00 -30.00 14.42 347.22 1.72 Max-Iter
63.14 151.99 14.45 0.00 -0.14 -0.14 -0.00 -30.00 14.51 337.82 1.76 Max-Iter
63.17 157.77 14.40 -0.05 -0.13 -0.14 -0.00 -30.00 14.51 331.47 1.81 Max-Iter
62.88 163.52 14.35 -0.11 -0.18 -0.11 -0.00 -30.00 14.61 340.50 1.73 Max-Iter
62.28 169.23 14.27 -0.15 -0.12 -0.15 -0.00 -30.00 14.52 364.36 1.71 Max-Iter
61.43 174.87 14.23 -0.21 -0.11 -0.15 -0.00 -30.00 14.46 376.04 1.80 Max-Iter
60.25 180.44 14.18 -0.27 -0.47 -0.16 -0.00 -30.00 14.79 402.71 1.73 Max-Iter
58.75 185.91 13.99 -0.33 -0.07 -0.16 -0.00 -30.00 14.45 433.43 1.72 Max-Iter
56.94 191.21 13.97 -0.40 -0.27 -0.18 -0.00 -30.00 14.47 481.58 1.75 Max-Iter
54.79 196.36 13.86 -0.47 -2.00 -0.17 -0.00 -29.99 13.00 415.12 1.78 Max-Iter
52.29 201.31 13.06 -0.53 -1.94 -0.32 -0.00 -29.95 10.93 676.68 1.73 Max-Iter
49.64 205.81 12.28 -0.66 -1.83 -0.12 -0.00 -30.00 9.86 241.77 1.71 Max-Iter
46.61 209.68 11.55 -0.71 -2.00 -0.12 -0.00 -30.00 9.03 258.98 1.80 Max-Iter
43.60 213.17 10.75 -0.76 -1.93 -0.08 -0.00 -29.78 7.71 319.71 1.75 Max-Iter
40.64 216.29 9.98 -0.79 -2.00 -0.23 -0.00 -30.00 9.21 1185.37 1.74 Max-Iter
37.81 219.10 9.18 -0.88 -2.00 -0.16 -0.00 -30.00 5.97 355.76 1.75 Max-Iter
34.98 221.44 8.38 -0.94 -1.81 -0.22 -0.00 -18.61 5.59 481.64 1.71 Max-Iter
32.26 223.41 7.65 -1.03 -1.54 -0.13 -0.00 -27.34 5.10 302.25 1.73 Max-Iter
