32.00 2.00 14.67 0.00 -0.00 0.00 0.00 0.00 14.67 519.84 0.24 Solved
32.00 9.33 14.67 0.00 -0.00 0.00 0.00 0.00 14.67 486.94 0.23 Solved
32.00 16.67 14.67 0.00 0.00 0.00 0.00 -0.00 14.67 455.11 1.92 Solved
32.00 24.00 14.67 0.00 -0.00 0.00 0.00 -0.00 14.67 424.36 1.89 Solved
32.00 31.33 14.67 0.00 0.00 -0.00 -0.00 -0.00 14.67 394.68 1.97 Solved
32.00 38.67 14.67 0.00 0.00 0.00 0.00 -0.00 14.67 366.08 1.91 Solved
32.00 46.00 14.67 0.00 0.00 -0.00 -0.00 0.00 14.67 338.56 3.49 Solved
32.00 53.33 14.67 -0.00 -0.00 0.18 0.08 -23.17 14.67 312.39 10.36 Solved
32.00 60.67 14.66 0.09 -0.00 0.15 0.07 -24.54 14.67 314.21 8.20 Solved
32.67 67.97 14.66 0.17 0.00 0.12 0.06 -26.08 14.67 360.09 12.13 Solved
33.89 75.20 14.66 0.23 0.00 0.13 0.06 -37.25 14.67 433.02 12.92 Solved
35.57 82.34 14.66 0.30 0.00 0.11 0.05 -39.71 14.67 553.98 16.83 Solved
37.71 89.35 14.66 0.35 0.00 0.09 0.04 -42.45 14.67 699.89 14.14 Solved
40.22 96.24 14.67 0.39 0.00 0.07 0.03 -45.52 14.67 861.65 24.63 Solved
43.04 103.01 14.67 0.43 0.00 0.04 0.02 -48.94 14.67 1030.71 37.77 Solved
46.08 109.68 14.67 0.45 0.00 0.02 0.01 -52.77 14.67 1199.13 40.64 Solved
49.27 116.28 14.67 0.46 0.00 -0.00 -0.00 -57.02 14.67 1359.77 37.52 Solved
52.53 122.85 14.67 0.46 0.00 -0.00 -0.00 -61.73 14.67 1506.34 37.80 Solved
55.79 129.42 14.67 0.46 -0.00 -0.18 -0.08 -30.00 14.67 1684.08 32.13 Solved
59.05 135.99 14.67 0.37 0.00 0.00 0.00 -65.90 14.67 1485.74 36.70 Solved
61.71 142.82 14.67 0.37 0.00 0.00 0.00 -72.07 14.67 1688.63 35.51 Solved
64.36 149.66 14.67 0.37 0.00 0.00 0.00 -78.70 14.67 1938.69 30.02 Solved
67.02 156.49 14.67 0.37 -0.01 -0.28 -0.13 -30.00 14.67 2248.73 24.14 Solved
69.67 163.33 14.66 0.23 -0.00 -0.27 -0.12 -30.00 14.67 1879.08 25.24 Solved
71.34 170.47 14.66 0.09 -0.00 -0.27 -0.12 -30.00 14.66 1558.92 14.75 Solved
72.03 177.77 14.66 -0.04 -0.00 -0.28 -0.13 -30.00 14.66 1273.25 16.00 Solved
71.72 185.09 14.66 -0.18 -0.00 -0.29 -0.13 -30.00 14.66 1008.10 11.67 Solved
70.41 192.30 14.66 -0.33 -0.00 -0.33 -0.15 -30.00 14.66 749.60 8.50 Solved
68.06 199.24 14.66 -0.49 -0.96 -0.52 -0.24 75.21 14.58 493.80 97.62 Max-Iter
64.61 205.71 14.18 -0.75 -2.51 -0.33 -0.14 -162.89 15.21 163.60 99.18 Max-Iter
59.77 210.89 12.92 -0.91 -4.13 -0.52 -0.21 86.87 12.39 308.30 98.61 Max-Iter
