32.00 2.00 14.67 0.00 -0.00 0.00 0.00 0.00 14.67 519.84 0.25 Solved
32.00 9.33 14.67 0.00 -0.00 0.00 0.00 0.00 14.67 486.94 0.26 Solved
32.00 16.67 14.67 0.00 -0.00 0.00 0.00 0.00 14.67 455.11 0.26 Solved
32.00 24.00 14.67 0.00 -0.00 0.00 0.00 0.00 14.67 424.36 0.24 Solved
32.00 31.33 14.67 0.00 0.00 -0.00 -0.00 0.00 14.67 394.68 4.37 Solved
32.00 38.67 14.67 -0.00 0.00 -0.00 -0.00 0.00 14.67 366.08 10.98 Solved
32.00 46.00 14.67 -0.00 -0.03 -0.35 -0.16 48.90 14.66 339.83 10.59 Solved
32.00 53.33 14.65 -0.17 0.02 -0.37 -0.17 58.86 14.67 411.36 10.12 Solved
30.74 60.55 14.66 -0.36 0.01 0.11 0.05 17.59 14.67 730.70 7.89 Solved
28.16 67.41 14.66 -0.30 0.00 0.09 0.04 18.71 14.67 616.76 11.30 Solved
25.96 74.41 14.67 -0.26 0.00 0.07 0.03 19.97 14.67 533.71 10.41 Solved
24.08 81.49 14.67 -0.23 0.00 0.04 0.02 21.41 14.67 476.24 22.01 Solved
22.44 88.64 14.67 -0.20 0.00 0.02 0.01 23.05 14.67 441.18 37.32 Solved
20.97 95.82 14.67 -0.19 -0.01 -0.34 -0.15 67.69 14.67 428.74 31.74 Solved
19.57 103.02 14.66 -0.36 0.00 0.12 0.05 28.12 14.67 852.40 27.79 Solved
16.98 109.88 14.67 -0.30 0.00 0.10 0.04 30.77 14.67 740.91 37.95 Solved
14.80 116.89 14.67 -0.25 -0.00 0.14 0.06 20.06 14.67 667.32 37.56 Solved
12.97 123.99 14.67 -0.18 0.00 0.12 0.05 22.49 14.67 543.11 34.12 Solved
11.63 131.20 14.67 -0.12 0.00 0.09 0.04 25.55 14.67 453.79 44.96 Solved
10.72 138.47 14.67 -0.08 0.00 0.07 0.03 29.49 14.67 394.26 35.86 Solved
10.16 145.78 14.67 -0.04 0.00 0.05 0.02 34.68 14.67 361.55 29.05 Solved
9.86 153.11 14.67 -0.02 0.00 0.02 0.01 41.72 14.67 355.59 22.80 Solved
9.73 160.44 14.67 -0.01 0.00 0.00 0.00 51.40 14.67 380.39 19.89 Solved
9.69 167.77 14.67 -0.01 0.00 0.00 0.00 64.61 14.67 446.01 15.64 Solved
9.64 175.11 14.67 -0.01 -0.01 0.22 0.10 30.00 14.66 541.44 14.22 Solved
9.60 182.44 14.66 0.10 -0.01 0.26 0.12 30.00 14.66 401.36 15.20 Solved
