14.00 2.00 14.67 0.00 -0.00 0.00 0.00 0.00 14.67 519.84 0.26 Solved
14.00 9.33 14.67 0.00 -0.00 0.00 0.00 0.00 14.67 486.94 0.23 Solved
14.00 16.67 14.67 0.00 -0.00 0.00 0.00 0.00 14.67 455.11 0.23 Solved
14.00 24.00 14.67 0.00 -0.00 0.00 0.00 0.00 14.67 424.36 0.22 Solved
14.00 31.33 14.67 0.00 0.00 -0.00 -0.00 0.00 14.67 394.68 1.95 Solved
14.00 38.67 14.67 -0.00 -0.00 -0.02 -0.01 1.90 14.67 366.09 1.54 Solved
14.00 46.00 14.67 -0.01 -0.00 -0.09 -0.04 11.74 14.67 338.82 1.76 Solved
13.94 53.33 14.67 -0.05 0.00 -0.07 -0.03 12.42 14.67 321.29 3.68 Solved
13.56 60.66 14.67 -0.09 0.00 -0.06 -0.03 13.18 14.67 314.83 6.19 Solved
12.90 67.96 14.67 -0.12 0.00 -0.04 -0.02 14.04 14.67 315.13 6.13 Solved
12.03 75.24 14.67 -0.14 -0.03 -0.52 -0.24 90.00 14.66 321.67 24.08 Solved
10.99 82.50 14.65 -0.40 -0.01 -0.52 -0.24 90.00 14.67 811.41 23.28 Solved
8.11 89.24 14.65 -0.67 0.00 -0.51 -0.23 90.00 14.67 1843.88 21.98 Solved
3.58 95.00 14.65 -0.92 0.01 -0.38 -0.17 90.00 14.67 3447.05 20.95 Solved
-2.25 99.43 14.65 -1.11 0.01 -0.23 -0.11 90.00 14.67 5169.38 21.89 Solved
-8.81 102.69 14.66 -1.23 0.01 -0.07 -0.03 90.00 14.67 6633.53 20.27 Solved
-15.71 105.17 14.66 -1.26 0.01 0.09 0.04 90.00 14.67 7524.57 22.64 Solved
-22.69 107.39 14.66 -1.22 0.00 0.09 0.04 90.00 14.67 7641.42 19.40 Solved
-29.57 109.92 14.66 -1.17 -0.00 0.40 0.18 30.00 14.67 7748.09 21.28 Solved
-36.33 112.77 14.66 -0.97 -0.00 0.37 0.17 30.00 14.67 6373.87 23.00 Solved
-42.38 116.91 14.66 -0.79 0.00 0.33 0.15 30.00 14.67 5284.36 22.43 Solved
-47.57 122.09 14.66 -0.62 0.00 0.30 0.14 30.00 14.67 4416.20 19.17 Solved
-51.83 128.05 14.66 -0.47 0.00 0.28 0.13 30.00 14.67 3720.53 10.07 Solved
-55.15 134.59 14.66 -0.33 0.00 0.25 0.12 30.00 14.67 3159.48 9.50 Solved
-57.54 141.52 14.66 -0.21 0.00 0.23 0.11 30.00 14.67 2703.62 9.37 Solved
-59.03 148.70 14.66 -0.09 0.00 0.22 0.10 30.00 14.67 2329.97 8.78 Solved
-59.68 156.00 14.66 0.02 0.00 0.20 0.09 30.00 14.67 2020.50 9.52 Solved
-59.53 163.33 14.66 0.12 0.00 0.20 0.09 30.00 14.67 1760.96 9.16 Solved
-58.63 170.61 14.66 0.22 -0.00 0.19 0.09 30.00 14.67 1539.91 6.23 Solved
-57.03 177.76 14.66 0.31 -0.00 0.19 0.08 30.00 14.67 1348.02 6.48 Solved
-54.76 184.73 14.66 0.41 -0.00 0.19 0.08 30.00 14.67 1177.43 3.55 Solved
-51.86 191.47 14.66 0.50 -0.00 0.19 0.09 30.00 14.67 1021.19 3.14 Solved
-48.34 197.90 14.66 0.59 -0.00 0.20 0.09 30.00 14.67 872.77 3.19 Solved
-44.24 203.97 14.66 0.69 -0.00 0.22 0.10 30.00 14.67 725.50 1.57 Solved
-39.55 209.61 14.66 0.80 -3.32 0.17 0.08 30.00 11.98 595.14 0.38 Solved
-34.28 214.71 13.00 0.89 -4.59 0.12 0.05 30.00 9.29 535.53 0.38 Solved
-29.24 218.81 10.70 0.95 -5.08 0.08 0.03 30.00 6.61 519.49 0.37 Solved
-24.88 221.93 8.17 0.99 -5.26 0.03 0.01 30.00 3.92 545.48 0.37 Solved
-21.48 224.18 5.54 1.00 -5.33 0.00 0.00 29.25 1.23 611.02 0.33 Solved
-19.14 225.66 2.87 1.00 -5.35 0.00 0.00 24.23 -0.00 706.98 0.31 Solved
-17.93 226.44 0.19 1.00 -5.27 -0.00 -0.00 21.25 -0.00 828.25 0.30 Solved
-17.85 226.49 -2.44 1.00 -4.64 -0.00 0.00 19.56 -0.00 1027.58 0.23 Solved
