32.00 2.00 14.67 0.00 -0.00 0.00 0.00 0.00 14.67 519.84 0.24 Solved
32.00 9.33 14.67 0.00 -0.00 0.00 0.00 0.00 14.67 486.94 0.23 Solved
32.00 16.67 14.67 0.00 -0.00 0.00 0.00 0.00 14.67 455.11 0.19 Solved
32.00 24.00 14.67 0.00 -0.00 0.00 0.00 -0.00 14.67 424.36 1.88 Solved
32.00 31.33 14.67 0.00 -0.00 0.00 0.00 -0.00 14.67 394.68 3.97 Solved
32.00 38.67 14.67 0.00 0.00 0.00 0.00 -0.00 14.67 366.08 3.74 Solved
32.00 46.00 14.67 0.00 -0.00 0.00 0.00 -0.00 14.67 338.56 7.16 Solved
32.00 53.33 14.67 0.00 -0.00 0.00 0.00 -0.00 14.67 312.11 6.96 Solved
32.00 60.67 14.67 0.00 -0.01 0.46 0.21 -58.36 14.67 288.58 6.60 Solved
32.00 68.00 14.66 0.23 0.01 0.00 0.00 -19.05 14.67 434.43 5.60 Solved
33.66 75.14 14.66 0.23 0.00 0.00 0.00 -20.35 14.67 428.35 6.30 Solved
35.33 82.28 14.67 0.23 0.00 0.00 0.00 -21.83 14.67 425.81 9.19 Solved
36.99 89.42 14.67 0.23 -0.00 0.02 0.01 -26.26 14.67 427.33 8.13 Solved
38.65 96.56 14.67 0.24 0.00 0.02 0.01 -28.58 14.67 452.87 14.94 Solved
40.39 103.69 14.67 0.25 -0.00 0.11 0.05 -44.24 14.67 483.63 16.44 Solved
42.19 110.80 14.67 0.30 -0.00 0.09 0.04 -48.01 14.67 638.50 27.96 Solved
44.38 117.80 14.67 0.35 0.00 0.07 0.03 -52.28 14.67 820.76 32.83 Solved
46.89 124.69 14.67 0.39 0.00 0.06 0.03 -57.10 14.67 1026.27 40.18 Solved
49.66 131.48 14.67 0.41 0.00 0.04 0.02 -62.52 14.67 1251.69 41.25 Solved
52.61 138.19 14.67 0.43 0.00 0.02 0.01 -68.52 14.67 1494.49 39.32 Solved
55.69 144.84 14.67 0.44 0.00 -0.00 -0.00 -75.06 14.67 1753.00 30.86 Solved
58.84 151.47 14.67 0.44 0.00 0.00 0.00 -82.02 14.67 2026.36 24.03 Solved
61.98 158.09 14.67 0.44 -0.01 -0.30 -0.14 -30.00 14.66 2367.04 23.66 Solved
65.12 164.72 14.66 0.29 -0.00 -0.29 -0.13 -30.00 14.66 1959.24 31.31 Solved
67.23 171.74 14.66 0.14 -0.00 -0.29 -0.13 -30.00 14.66 1605.03 30.14 Solved
68.29 178.99 14.66 -0.00 -0.00 -0.30 -0.14 -30.00 14.66 1287.50 22.26 Solved
68.28 186.32 14.66 -0.15 -0.00 -0.32 -0.15 -30.00 14.66 990.52 19.64 Solved
67.16 193.57 14.66 -0.32 -0.01 -0.37 -0.17 -30.00 14.66 698.06 24.20 Solved
