32.00 2.00 14.67 0.00 0.00 0.00 0.00 -0.00 14.67 519.84 2.13 Solved
32.00 9.33 14.67 0.00 -0.00 0.00 0.00 0.00 14.67 486.94 3.75 Solved
32.00 16.67 14.67 0.00 0.00 0.00 0.00 0.00 14.67 455.11 3.53 Solved
32.00 24.00 14.67 0.00 0.00 -0.00 -0.00 0.00 14.67 424.36 6.62 Solved
32.00 31.33 14.67 0.00 0.00 -0.00 -0.00 0.00 14.67 394.68 10.27 Solved
32.00 38.67 14.67 0.00 -0.00 -0.03 -0.01 4.02 14.67 366.09 9.57 Solved
32.00 46.00 14.67 -0.02 0.00 -0.10 -0.05 13.92 14.67 339.50 10.59 Solved
31.88 53.33 14.67 -0.07 -0.00 -0.18 -0.08 28.21 14.67 327.49 12.95 Solved
31.39 60.65 14.67 -0.16 0.00 -0.15 -0.07 29.84 14.67 372.86 15.23 Solved
30.23 67.89 14.67 -0.23 0.00 -0.12 -0.06 31.65 14.67 460.20 16.32 Solved
28.53 75.02 14.67 -0.30 0.00 -0.09 -0.04 33.67 14.67 571.55 24.25 Solved
26.40 82.04 14.67 -0.34 0.00 -0.06 -0.03 35.92 14.67 690.54 25.86 Solved
23.95 88.95 14.67 -0.37 0.00 -0.03 -0.01 38.46 14.67 802.75 25.92 Solved
21.28 95.78 14.67 -0.39 0.00 0.00 0.00 41.31 14.67 895.83 31.74 Solved
18.52 102.57 14.67 -0.39 0.00 0.00 0.00 44.52 14.67 959.77 31.30 Solved
15.75 109.36 14.67 -0.39 -0.00 0.09 0.04 30.00 14.67 1038.58 32.83 Solved
12.98 116.16 14.67 -0.34 -0.00 0.09 0.04 30.00 14.67 983.06 41.61 Solved
10.52 123.06 14.67 -0.30 -0.00 0.09 0.04 30.00 14.67 929.68 40.13 Solved
8.36 130.07 14.67 -0.25 -0.00 0.10 0.04 30.00 14.67 877.27 26.79 Solved
6.53 137.17 14.67 -0.20 -0.00 0.10 0.05 30.00 14.67 824.59 24.61 Solved
5.04 144.35 14.67 -0.15 -0.00 0.11 0.05 30.00 14.67 770.29 19.77 Solved
3.92 151.60 14.67 -0.10 -0.00 0.12 0.05 30.00 14.67 712.72 19.80 Solved
3.20 158.89 14.66 -0.04 -0.00 0.13 0.06 30.00 14.67 649.87 14.98 Solved
2.91 166.22 14.66 0.03 -0.00 0.15 0.07 30.00 14.67 579.12 16.08 Solved
3.10 173.55 14.66 0.10 -0.00 0.17 0.08 30.00 14.67 497.00 8.30 Solved
3.83 180.85 14.66 0.19 -0.00 0.21 0.09 30.00 14.66 398.97 5.27 Solved
5.19 188.05 14.66 0.29 -0.41 0.28 0.13 -40.94 14.54 283.17 64.56 Max-Iter
