32.00 2.00 14.67 0.00 0.00 0.00 0.00 -0.00 14.67 519.84 4.23 Solved
32.00 9.33 14.67 0.00 0.00 0.00 0.00 -0.00 14.67 486.94 3.64 Solved
32.00 16.67 14.67 0.00 0.00 0.00 0.00 -0.00 14.67 455.11 3.77 Solved
32.00 24.00 14.67 0.00 0.00 0.00 0.00 -0.00 14.67 424.36 9.30 Solved
32.00 31.33 14.67 0.00 -0.00 0.00 0.00 -0.00 14.67 394.68 9.48 Solved
32.00 38.67 14.67 0.00 0.00 0.00 0.00 -0.00 14.67 366.08 10.12 Solved
32.00 46.00 14.67 0.00 -0.00 0.00 0.00 -0.00 14.67 338.56 19.22 Solved
32.00 53.33 14.67 0.00 -0.00 0.00 0.00 -0.00 14.67 312.11 25.41 Solved
32.00 60.67 14.67 0.00 -0.00 0.14 0.06 -17.92 14.67 286.90 25.10 Solved
32.00 68.00 14.66 0.07 0.00 0.11 0.05 -19.78 14.67 278.38 24.53 Solved
32.51 75.31 14.67 0.13 0.00 0.09 0.04 -21.13 14.67 294.50 34.70 Solved
33.43 82.59 14.67 0.17 0.00 0.07 0.03 -22.67 14.67 327.06 33.97 Solved
34.70 89.81 14.67 0.21 0.00 0.05 0.02 -24.43 14.67 368.66 27.92 Solved
36.22 96.99 14.67 0.24 0.00 0.03 0.01 -26.48 14.67 412.81 39.73 Solved
37.94 104.12 14.67 0.25 0.00 0.01 0.01 -28.86 14.67 453.86 37.03 Solved
39.77 111.22 14.67 0.26 -0.00 -0.00 -0.00 -31.67 14.67 487.07 37.92 Solved
41.65 118.31 14.67 0.26 -0.00 -0.00 -0.00 -35.01 14.67 516.88 25.41 Solved
43.53 125.39 14.67 0.26 -0.00 -0.04 -0.02 -30.00 14.67 557.25 25.51 Solved
45.41 132.48 14.67 0.24 -0.00 -0.05 -0.02 -30.00 14.67 558.08 26.00 Solved
47.14 139.61 14.67 0.21 -0.00 -0.07 -0.03 -30.00 14.67 550.69 25.92 Solved
48.67 146.78 14.67 0.18 -0.00 -0.08 -0.04 -30.00 14.67 534.30 14.45 Solved
49.97 154.00 14.67 0.14 -0.00 -0.10 -0.04 -30.00 14.67 507.72 14.48 Solved
50.97 161.26 14.67 0.09 -0.00 -0.12 -0.05 -30.00 14.67 469.18 10.60 Solved
51.61 168.57 14.66 0.03 -0.00 -0.14 -0.07 -30.00 14.67 416.04 8.00 Solved
51.82 175.90 14.66 -0.04 -0.00 -0.18 -0.08 -30.00 14.67 344.66 8.26 Solved
51.50 183.22 14.66 -0.13 -0.11 -0.14 -0.06 -23.16 14.60 250.98 67.63 Max-Iter
