14.00 2.00 14.67 0.00 -0.00 -0.00 -0.00 0.00 14.66 0.00 0.20 Solved
14.00 7.87 14.66 -0.00 -0.00 -0.00 -0.00 0.00 14.66 0.00 0.16 Solved
14.00 13.73 14.66 -0.00 -0.00 -0.00 -0.00 0.00 14.66 0.00 0.17 Acceptable
14.00 19.60 14.66 -0.00 -0.00 -0.00 -0.00 0.00 14.66 0.00 0.15 Acceptable
14.00 25.46 14.66 -0.00 -0.00 -0.00 -0.00 0.00 14.66 0.00 0.16 Acceptable
14.00 31.33 14.66 -0.00 -0.00 -0.00 -0.00 0.00 14.66 0.00 0.14 Acceptable
14.00 37.19 14.66 -0.00 -0.00 -0.00 -0.00 0.00 14.66 0.00 0.16 Acceptable
14.00 43.05 14.66 -0.00 -0.00 -0.00 -0.00 0.00 14.66 0.00 0.15 Acceptable
13.99 48.91 14.65 -0.00 -0.00 -0.00 -0.00 0.00 14.66 0.00 0.17 Acceptable
13.99 54.78 14.65 -0.00 -0.00 -0.00 -0.00 0.01 14.65 0.00 0.14 Acceptable
13.99 60.64 14.65 -0.00 -0.01 -0.00 -0.00 0.01 14.65 0.00 0.15 Acceptable
13.99 66.50 14.65 -0.00 -0.01 -0.00 -0.00 0.01 14.65 0.00 0.14 Acceptable
13.98 72.36 14.65 -0.00 -0.01 -0.00 -0.00 0.02 14.65 0.00 0.14 Acceptable
13.98 78.21 14.64 -0.00 -0.01 -0.00 -0.00 0.02 14.65 0.00 0.16 Acceptable
13.97 84.07 14.64 -0.00 -0.01 0.00 0.00 0.01 14.64 0.00 0.14 Acceptable
13.97 89.93 14.63 -0.00 -0.02 0.00 0.00 0.00 14.63 0.00 0.15 Acceptable
13.97 95.78 14.62 -0.00 -0.05 -0.00 -0.00 0.01 14.62 0.00 0.16 Acceptable
13.97 101.63 14.60 -0.00 -0.18 -0.01 -0.00 0.06 14.55 0.00 0.13 Solved
13.96 107.47 14.53 -0.00 -2.00 -0.55 -0.25 0.85 13.70 0.00 0.46 Infeasible
13.94 113.28 13.73 -0.23 1.09 0.43 0.18 0.44 14.47 0.00 0.15 Solved
12.71 118.64 14.17 -0.05 0.38 0.23 0.10 0.25 14.49 0.44 0.21 Solved
12.41 124.30 14.32 0.04 0.19 0.18 0.08 0.09 14.52 0.74 0.20 Solved
12.62 130.02 14.40 0.11 1.73 0.10 0.05 0.22 15.44 0.63 0.17 Solved
13.25 135.74 15.09 0.15 2.00 0.53 0.25 175.23 16.03 0.21 0.25 Infeasible
14.16 141.71 15.89 0.36 2.00 0.51 0.25 171.28 16.13 32363.33 0.17 Infeasible
16.42 147.65 16.69 0.57 2.00 0.48 0.25 166.27 16.13 31796.34 0.18 Infeasible
20.01 153.28 17.49 0.76 0.61 0.46 0.25 160.61 16.13 30808.06 0.17 Infeasible
24.83 158.35 17.73 0.94 0.00 0.45 0.25 154.69 16.13 29380.20 0.21 Infeasible
30.57 162.51 17.73 1.13 0.00 -0.25 -0.14 148.68 16.13 27623.47 0.18 Infeasible
36.97 165.57 17.73 1.02 0.00 -0.27 -0.15 142.57 16.13 25720.30 0.17 Infeasible
43.03 169.25 17.73 0.92 0.00 -0.27 -0.15 136.35 16.13 23856.03 0.16 Infeasible
48.67 173.56 17.73 0.81 0.00 -0.28 -0.15 130.03 16.13 22033.92 0.17 Infeasible
53.80 178.46 17.73 0.70 0.00 -0.28 -0.15 123.59 16.13 20256.05 0.19 Infeasible
58.36 183.89 17.73 0.59 0.00 -0.29 -0.16 117.03 16.13 18524.67 0.18 Infeasible
62.29 189.80 17.73 0.47 0.00 -0.29 -0.16 110.34 16.13 16842.24 0.20 Infeasible
65.51 196.12 17.73 0.35 0.00 -0.30 -0.16 103.51 16.13 15211.44 0.18 Infeasible
