14.00 2.00 14.67 0.00 -0.02 -0.00 -0.00 0.02 14.66 228.00 0.36 Acceptable
14.00 7.87 14.66 -0.00 -0.02 -0.00 -0.00 0.02 14.65 222.13 0.33 Acceptable
14.00 13.73 14.65 -0.00 -0.02 -0.00 -0.00 0.02 14.65 216.27 0.33 Acceptable
14.00 19.59 14.65 -0.00 -0.02 -0.00 -0.00 0.03 14.65 210.41 0.34 Acceptable
13.99 25.45 14.64 -0.00 -0.02 0.00 0.00 0.01 14.64 204.55 0.38 Acceptable
13.99 31.31 14.63 -0.00 -0.02 -0.00 -0.00 0.02 14.64 198.69 0.33 Acceptable
13.98 37.16 14.63 -0.00 -0.02 -0.00 -0.00 0.02 14.63 192.84 0.34 Acceptable
13.98 43.01 14.62 -0.00 -0.02 0.00 0.00 0.01 14.63 186.99 0.34 Acceptable
13.97 48.86 14.61 -0.00 -0.03 -0.00 -0.00 0.02 14.62 181.14 0.32 Acceptable
13.96 54.70 14.60 -0.00 -0.04 0.00 0.00 0.00 14.61 175.30 0.41 Acceptable
13.95 60.54 14.58 -0.00 -0.05 -0.00 -0.00 0.00 14.59 169.46 0.41 Acceptable
13.94 66.37 14.56 -0.00 -0.07 -0.01 -0.00 0.00 14.57 163.63 0.42 Acceptable
13.93 72.20 14.54 -0.00 -0.12 0.01 0.00 0.00 14.52 157.80 0.40 Acceptable
