14.00 2.00 14.67 0.00 -0.02 -0.00 -0.00 0.00 14.66 228.00 0.21 Acceptable
14.00 13.73 14.65 -0.00 -0.02 -0.00 -0.00 0.01 14.65 216.27 0.16 Acceptable
13.99 25.45 14.64 -0.00 -0.02 -0.00 -0.00 0.02 14.65 204.55 0.16 Acceptable
13.98 37.17 14.62 -0.00 -0.02 -0.00 -0.00 0.02 14.64 192.83 0.14 Acceptable
13.95 48.87 14.61 -0.00 -0.02 0.01 0.00 0.00 14.64 181.13 0.16 Acceptable
13.91 60.55 14.59 0.00 -0.04 0.04 0.02 0.03 14.62 169.45 0.18 Acceptable
13.93 72.22 14.56 0.04 0.41 0.16 0.07 0.08 14.87 157.78 0.28 Acceptable
14.35 83.86 14.88 0.16 0.70 0.28 0.13 0.18 15.18 32497.04 0.36 Solved
16.30 95.61 15.44 0.38 2.00 0.52 0.25 164.50 16.13 32182.81 0.27 Infeasible
20.94 107.06 17.04 0.80 2.00 0.46 0.24 156.91 16.13 31371.15 0.22 Infeasible
30.73 116.53 18.64 1.17 0.87 -0.18 -0.10 148.83 16.13 29564.75 0.21 Infeasible
44.45 122.38 19.33 1.03 0.00 -0.18 -0.11 140.50 16.13 27073.44 0.25 Infeasible
57.69 130.39 19.33 0.88 0.00 -0.19 -0.11 131.91 16.13 24544.53 0.24 Infeasible
69.62 140.23 19.33 0.73 0.00 -0.19 -0.12 123.04 16.13 22074.52 0.25 Infeasible
79.95 151.74 19.33 0.58 0.00 -0.20 -0.12 113.85 16.13 19668.63 0.21 Infeasible
88.39 164.70 19.33 0.42 2.00 -0.24 -0.15 102.67 17.73 17332.94 0.24 Infeasible
94.64 178.85 20.93 0.22 2.00 -0.28 -0.18 90.03 19.33 15074.52 0.29 Infeasible
98.31 195.19 22.53 0.00 2.00 -0.32 -0.22 75.52 20.93 12733.17 0.34 Infeasible
