14.00 2.00 7.33 0.00 -0.01 -0.00 -0.00 0.00 7.33 0.00 0.28 Acceptable
14.00 4.93 7.33 -0.00 -0.01 -0.00 -0.00 0.00 7.33 0.00 0.31 Acceptable
14.00 7.87 7.33 -0.00 -0.01 -0.00 -0.00 0.01 7.33 0.00 0.24 Acceptable
14.00 10.80 7.32 -0.00 -0.01 -0.00 -0.00 0.01 7.32 0.00 0.29 Acceptable
13.99 13.73 7.32 -0.00 -0.01 -0.00 -0.00 0.01 7.32 0.00 0.24 Acceptable
13.99 16.65 7.32 -0.00 -0.01 0.00 0.00 0.01 7.32 0.00 0.26 Acceptable
13.99 19.58 7.32 -0.00 -0.01 0.00 0.00 0.01 7.32 0.00 0.24 Acceptable
13.98 22.51 7.31 -0.00 -0.01 0.00 0.00 0.01 7.32 0.00 0.27 Acceptable
13.98 25.43 7.31 -0.00 -0.00 0.00 0.00 0.01 7.32 0.00 0.23 Acceptable
13.97 28.36 7.31 -0.00 -0.00 0.00 0.00 0.01 7.32 0.00 0.26 Acceptable
13.97 31.28 7.31 -0.00 -0.00 0.00 0.00 0.01 7.32 0.00 0.26 Acceptable
13.97 34.21 7.31 -0.00 -0.00 0.00 0.00 0.01 7.32 0.00 0.23 Acceptable
13.97 37.13 7.30 -0.00 -0.00 0.00 0.00 0.01 7.31 0.00 0.23 Acceptable
13.97 40.05 7.30 0.00 -0.00 -0.00 -0.00 0.01 7.31 0.00 0.24 Acceptable
13.97 42.97 7.30 -0.00 -0.00 0.00 0.00 0.01 7.31 0.00 0.26 Acceptable
13.97 45.89 7.30 0.00 -0.00 0.00 0.00 0.01 7.31 0.00 0.27 Acceptable
13.97 48.81 7.30 0.00 -0.01 0.00 0.00 0.01 7.31 0.00 0.25 Acceptable
13.97 51.73 7.30 0.00 -0.01 0.00 0.00 0.00 7.31 0.00 0.27 Acceptable
13.97 54.65 7.29 0.00 -0.01 0.00 0.00 0.00 7.31 0.00 0.27 Acceptable
13.97 57.57 7.29 0.00 -0.01 0.00 0.00 0.00 7.31 0.00 0.24 Acceptable
13.98 60.48 7.29 0.00 -0.01 -0.00 -0.00 0.00 7.30 0.00 0.29 Acceptable
13.98 63.40 7.29 0.00 -0.01 -0.00 -0.00 0.00 7.30 0.00 0.29 Acceptable
13.98 66.31 7.28 0.00 -0.01 -0.00 -0.00 0.00 7.30 0.00 0.28 Acceptable
13.98 69.23 7.28 0.00 -0.01 -0.00 -0.00 0.00 7.30 0.00 0.26 Acceptable
13.99 72.14 7.28 0.00 -0.01 -0.00 -0.00 0.00 7.30 0.00 0.29 Acceptable
13.99 75.05 7.27 0.00 -0.01 -0.00 -0.00 0.00 7.29 0.00 0.26 Acceptable
13.99 77.96 7.27 -0.00 -0.01 -0.00 -0.00 0.01 7.29 0.00 0.26 Acceptable
13.99 80.87 7.26 -0.00 -0.02 -0.00 -0.00 0.02 7.28 0.00 0.23 Acceptable
13.99 83.77 7.26 -0.00 -0.02 0.00 0.00 0.02 7.28 0.00 0.33 Acceptable
13.98 86.67 7.25 -0.00 -0.02 -0.00 -0.00 0.01 7.27 0.00 0.25 Acceptable
13.98 89.57 7.24 -0.00 -0.03 -0.00 -0.00 0.01 7.27 0.00 0.23 Acceptable
13.98 92.47 7.23 -0.00 -0.03 0.00 0.00 0.00 7.25 0.00 0.28 Acceptable
13.98 95.36 7.22 0.00 -0.10 -0.02 -0.00 0.01 7.24 0.00 0.31 Acceptable
13.98 98.25 7.18 -0.01 -0.03 0.03 0.01 0.03 7.22 0.00 0.24 Solved
