32.00 2.00 14.67 0.00 -0.00 0.00 0.00 -0.33 14.67 519.84 4.22 Solved
32.00 9.33 14.67 0.00 -0.01 0.13 0.06 -16.09 14.67 487.09 5.35 Solved
32.01 16.67 14.66 0.07 0.00 0.13 0.06 -20.73 14.67 470.03 5.13 Solved
32.50 23.98 14.67 0.13 0.00 0.11 0.05 -21.68 14.67 484.82 7.74 Solved
33.47 31.25 14.67 0.19 0.00 0.09 0.04 -22.72 14.67 520.31 10.69 Solved
34.84 38.45 14.67 0.23 -0.00 0.11 0.05 -31.92 14.67 566.38 22.34 Solved
36.53 45.59 14.67 0.28 -0.00 0.09 0.04 -33.52 14.67 653.18 23.44 Solved
38.58 52.63 14.67 0.33 -0.00 0.08 0.04 -33.82 14.67 753.21 19.76 Solved
40.95 59.57 14.67 0.37 0.00 0.05 0.02 -35.67 14.67 869.54 23.82 Solved
43.58 66.42 14.67 0.39 0.00 0.03 0.01 -37.70 14.67 977.40 26.28 Solved
46.39 73.19 14.67 0.41 0.00 0.00 0.00 -39.94 14.67 1067.27 28.44 Solved
49.30 79.92 14.67 0.41 0.00 -0.02 -0.01 -42.41 14.67 1131.27 24.70 Solved
52.22 86.65 14.67 0.40 0.00 -0.01 -0.00 -45.14 14.67 1163.31 22.68 Solved
55.07 93.40 14.67 0.39 -0.00 -0.00 -0.00 -48.15 14.67 1224.16 25.18 Solved
57.88 100.18 14.67 0.39 -0.00 -0.10 -0.05 -30.00 14.67 1319.02 30.45 Solved
60.70 106.95 14.67 0.34 -0.00 -0.10 -0.05 -30.00 14.67 1227.44 31.00 Solved
63.15 113.86 14.67 0.29 -0.00 -0.10 -0.05 -30.00 14.67 1145.27 39.28 Solved
65.25 120.89 14.67 0.24 -0.00 -0.10 -0.05 -30.00 14.67 1070.33 33.13 Solved
66.98 128.01 14.67 0.19 -0.00 -0.05 -0.02 -30.00 14.67 1000.73 22.66 Solved
68.36 135.21 14.67 0.17 -0.00 -0.06 -0.03 -30.00 14.67 1031.82 19.25 Solved
69.57 142.45 14.67 0.14 0.00 0.00 0.00 -58.22 14.67 1049.47 23.70 Solved
70.55 149.71 14.67 0.14 0.00 0.00 0.00 -64.83 14.67 1194.25 18.05 Solved
71.54 156.98 14.67 0.14 0.00 -0.00 -0.00 -72.24 14.67 1377.67 12.49 Solved
72.53 164.24 14.67 0.14 0.00 -0.00 -0.00 -80.32 14.67 1611.12 5.88 Solved
73.52 171.51 14.67 0.14 0.00 0.00 0.00 -88.79 14.67 1909.79 5.71 Solved
74.51 178.78 14.67 0.14 -0.01 -0.35 -0.16 -30.00 14.66 2295.48 5.19 Solved
75.49 186.04 14.66 -0.04 -0.01 -0.36 -0.16 -30.00 14.66 1832.04 3.07 Solved
75.19 193.37 14.66 -0.22 -0.01 -0.37 -0.17 -30.00 14.66 1412.61 3.08 Solved
73.60 200.52 14.65 -0.41 -0.01 -0.42 -0.19 -30.00 14.66 1014.12 3.32 Solved
