32.00 2.00 14.67 0.00 -0.00 0.00 0.00 -0.00 14.67 519.84 2.58 Solved
32.00 9.33 14.67 0.00 0.00 -0.00 -0.00 -0.00 14.67 486.94 2.20 Solved
32.00 16.67 14.67 0.00 -0.00 0.00 0.00 -0.00 14.67 455.11 1.94 Solved
32.00 24.00 14.67 0.00 0.00 0.00 0.00 -0.00 14.67 424.36 1.81 Solved
32.00 31.33 14.67 0.00 0.00 0.00 0.00 -0.00 14.67 394.68 6.47 Solved
32.00 38.67 14.67 0.00 -0.00 0.06 0.03 -7.16 14.67 366.11 5.59 Solved
32.00 46.00 14.67 0.03 -0.00 0.05 0.02 -7.55 14.67 341.35 12.06 Solved
32.21 53.33 14.67 0.05 -0.01 0.08 0.04 0.79 14.67 321.99 10.64 Solved
32.60 60.65 14.66 0.09 -0.00 0.03 0.01 0.84 14.67 318.23 11.74 Solved
33.29 67.95 14.66 0.11 -0.00 -0.02 -0.01 0.89 14.67 307.46 14.34 Solved
34.09 75.24 14.66 0.10 -0.00 -0.08 -0.03 9.94 14.66 279.75 20.59 Solved
34.80 82.53 14.66 0.06 -0.01 -0.20 -0.09 -35.57 14.67 238.44 25.44 Solved
35.23 89.85 14.65 -0.04 0.02 -0.13 -0.06 16.53 14.67 197.90 32.51 Solved
34.92 97.17 14.66 -0.11 0.01 -0.10 -0.05 17.98 14.67 199.34 30.00 Solved
34.15 104.46 14.67 -0.16 0.00 -0.07 -0.03 19.69 14.67 220.18 32.71 Solved
33.01 111.71 14.67 -0.19 0.00 -0.05 -0.02 21.74 14.67 250.82 34.47 Solved
31.61 118.90 14.67 -0.22 -0.00 -0.02 -0.01 24.24 14.67 283.19 26.83 Solved
30.03 126.07 14.67 -0.23 -0.00 -0.00 -0.00 27.34 14.67 310.63 29.79 Solved
28.36 133.21 14.67 -0.23 -0.00 -0.00 -0.00 31.26 14.67 327.89 31.82 Solved
26.70 140.35 14.67 -0.23 -0.00 0.00 0.00 36.33 14.67 354.03 37.74 Solved
25.03 147.49 14.67 -0.23 -0.00 0.06 0.03 30.00 14.67 391.83 30.95 Solved
23.36 154.63 14.67 -0.20 -0.00 0.08 0.04 30.00 14.67 384.85 24.37 Solved
21.89 161.82 14.67 -0.16 -0.00 0.10 0.05 30.00 14.67 363.18 14.50 Solved
20.70 169.05 14.67 -0.11 -0.00 0.13 0.06 30.00 14.67 323.88 15.64 Solved
19.89 176.34 14.66 -0.04 -0.00 0.18 0.08 30.00 14.67 263.15 11.72 Solved
19.56 183.66 14.66 0.05 -0.87 0.52 0.24 -53.20 14.10 190.54 98.15 Max-Iter
