32.00 2.00 14.67 0.00 -0.01 0.20 0.09 -24.86 14.66 520.20 4.00 Solved
32.00 9.33 14.66 0.10 0.01 -0.11 -0.05 4.99 14.67 520.13 7.76 Solved
32.73 16.63 14.66 0.05 -0.28 0.28 0.13 26.52 14.57 466.22 14.30 Solved
33.08 23.95 14.53 0.19 0.16 0.39 0.18 -63.17 14.66 550.75 12.79 Solved
34.45 31.08 14.60 0.38 0.07 0.24 0.11 -24.53 14.66 912.23 12.62 Solved
37.19 37.85 14.64 0.50 0.03 0.07 0.03 -25.71 14.67 1292.47 11.69 Solved
40.72 44.27 14.65 0.54 0.01 -0.10 -0.05 -27.01 14.67 1466.46 10.11 Solved
44.47 50.56 14.66 0.49 -0.00 -0.27 -0.12 -28.44 14.67 1337.19 14.68 Solved
47.89 57.04 14.65 0.35 0.00 -0.14 -0.06 -30.00 14.67 943.00 16.60 Solved
50.41 63.92 14.66 0.28 0.01 0.00 0.00 -31.74 14.67 782.72 15.92 Solved
52.44 70.96 14.66 0.28 0.00 -0.00 -0.00 -33.66 14.67 806.47 14.87 Solved
54.48 78.01 14.67 0.28 0.00 -0.03 -0.01 -30.00 14.67 837.62 14.00 Solved
56.51 85.05 14.67 0.27 0.00 -0.03 -0.02 -30.00 14.67 836.56 14.70 Solved
58.45 92.12 14.67 0.25 0.00 -0.04 -0.02 -30.00 14.67 831.77 14.25 Solved
60.26 99.23 14.67 0.23 -0.00 -0.05 -0.02 -30.00 14.67 823.44 25.92 Solved
61.94 106.37 14.67 0.21 -0.00 -0.05 -0.02 -30.00 14.67 811.69 24.88 Solved
63.45 113.54 14.67 0.18 -0.00 -0.06 -0.03 -30.00 14.67 796.57 29.88 Solved
64.77 120.76 14.67 0.15 -0.00 -0.06 -0.03 -30.00 14.67 778.00 32.63 Solved
65.89 128.01 14.67 0.12 0.00 0.00 0.00 -45.06 14.67 755.71 24.33 Solved
66.77 135.28 14.67 0.12 0.00 -0.00 -0.00 -50.03 14.67 835.24 18.71 Solved
67.66 142.56 14.67 0.12 0.00 -0.00 -0.00 -55.84 14.67 936.46 13.07 Solved
68.54 149.84 14.67 0.12 0.00 0.00 0.00 -62.58 14.67 1065.40 13.16 Solved
69.42 157.12 14.67 0.12 0.00 0.00 0.00 -70.24 14.67 1230.24 13.05 Solved
70.31 164.40 14.67 0.12 -0.01 -0.24 -0.11 -30.00 14.67 1442.93 11.46 Solved
71.19 171.68 14.66 0.00 -0.00 -0.24 -0.11 -30.00 14.67 1206.63 11.49 Solved
71.20 179.02 14.66 -0.12 -0.00 -0.25 -0.11 -30.00 14.66 987.58 7.76 Solved
70.34 186.29 14.66 -0.25 -0.00 -0.28 -0.13 -30.00 14.66 774.99 8.10 Solved
68.56 193.41 14.66 -0.38 -0.01 -0.32 -0.15 -30.00 14.66 557.83 8.16 Solved
