32.00 2.00 14.67 0.00 0.00 -0.00 -0.00 0.00 14.67 519.84 6.93 Solved
32.00 9.33 14.67 -0.00 -0.00 -0.00 -0.00 0.00 14.67 486.94 9.55 Solved
32.00 16.67 14.67 -0.00 0.00 -0.00 -0.00 0.00 14.67 455.11 8.73 Solved
32.00 24.00 14.67 -0.00 -0.00 -0.00 -0.00 0.00 14.67 424.36 13.89 Solved
32.00 31.33 14.67 -0.00 0.00 -0.00 -0.00 0.00 14.67 394.68 13.44 Solved
32.00 38.67 14.67 -0.00 -0.00 -0.00 -0.00 0.00 14.67 366.08 13.31 Solved
32.00 46.00 14.67 -0.00 0.00 0.00 0.00 0.00 14.67 338.56 22.68 Solved
32.00 53.33 14.67 -0.00 0.00 -0.00 -0.00 0.00 14.67 312.11 22.60 Solved
32.00 60.67 14.67 -0.00 -0.00 -0.00 -0.00 0.00 14.67 286.74 30.14 Solved
32.00 68.00 14.67 -0.00 -0.00 -0.00 -0.00 0.00 14.67 262.44 28.83 Solved
32.00 75.33 14.67 -0.00 0.00 0.00 0.00 0.00 14.67 239.22 35.69 Solved
32.00 82.67 14.67 -0.00 -0.00 0.04 0.02 -5.29 14.67 217.08 28.43 Solved
32.00 90.00 14.67 0.02 0.00 0.08 0.04 -12.48 14.67 197.32 37.41 Solved
32.14 97.33 14.67 0.06 0.00 0.07 0.03 -13.59 14.67 187.95 38.03 Solved
32.58 104.65 14.67 0.09 0.00 0.05 0.02 -14.91 14.67 187.77 39.03 Solved
33.25 111.95 14.67 0.12 0.00 0.04 0.02 -16.50 14.67 193.85 38.82 Solved
34.12 119.24 14.67 0.14 0.00 0.03 0.01 -18.46 14.67 203.62 27.99 Solved
35.12 126.50 14.67 0.15 -0.00 0.01 0.01 -20.93 14.67 214.92 23.67 Solved
36.23 133.75 14.67 0.16 -0.00 -0.00 -0.00 -24.11 14.67 225.94 19.94 Solved
37.38 140.99 14.67 0.16 -0.00 0.00 0.00 -28.34 14.67 235.27 15.76 Solved
38.53 148.24 14.67 0.16 -0.00 -0.02 -0.01 -30.00 14.67 251.90 11.42 Solved
39.68 155.48 14.67 0.15 -0.00 -0.04 -0.02 -30.00 14.67 263.83 9.97 Solved
40.76 162.73 14.67 0.13 -0.00 -0.08 -0.03 -30.00 14.67 261.15 8.38 Solved
41.69 170.01 14.67 0.09 -0.00 -0.11 -0.05 -30.00 14.67 239.93 8.02 Solved
42.34 177.31 14.66 0.03 -0.00 -0.16 -0.08 -30.00 14.67 195.93 6.67 Solved
