14.00 2.00 14.67 0.00 -0.12 -0.00 -0.00 0.01 14.74 52.57 2.06 Max-Iter
14.01 7.87 14.62 0.00 -0.44 0.01 0.00 -1.17 14.32 64.23 1.94 Max-Iter
14.01 13.71 14.44 0.01 -1.03 0.22 0.00 -20.69 13.81 536.63 1.84 Max-Iter
14.04 19.49 14.03 0.09 0.26 0.22 0.00 -27.38 14.71 490.27 1.87 Max-Iter
14.57 25.08 14.13 0.18 -0.03 0.19 0.00 -28.81 14.39 329.99 1.85 Max-Iter
15.59 30.64 14.12 0.26 0.45 0.15 0.00 -29.45 14.68 200.46 1.85 Max-Iter
17.03 36.10 14.30 0.32 0.29 0.12 0.00 -29.94 14.66 115.76 1.85 Max-Iter
18.83 41.52 14.41 0.37 0.30 0.08 0.00 -29.97 14.65 67.35 1.87 Max-Iter
20.90 46.90 14.53 0.40 0.19 0.03 0.00 -30.00 14.62 48.05 1.91 Max-Iter
23.17 52.26 14.61 0.41 0.08 -0.02 -0.00 -30.00 14.62 51.54 1.84 Max-Iter
25.52 57.61 14.64 0.40 0.02 -0.03 -0.00 -30.00 14.65 59.45 1.87 Max-Iter
27.82 62.99 14.65 0.39 -0.09 -0.03 -0.00 -30.00 14.71 69.95 1.82 Max-Iter
30.05 68.41 14.61 0.38 -1.84 -0.07 -0.00 -30.00 14.00 251.04 1.84 Max-Iter
32.22 73.84 13.88 0.35 -2.00 0.11 0.00 -30.00 11.73 1155.39 1.85 Max-Iter
34.12 79.05 13.08 0.39 -1.99 0.41 0.00 -29.99 11.74 3339.08 1.90 Max-Iter
36.12 83.89 12.28 0.56 -1.28 0.47 0.00 -30.00 11.73 4418.19 1.84 Max-Iter
38.71 88.06 11.77 0.74 1.97 0.32 0.00 -29.99 13.24 3819.86 1.89 Max-Iter
41.90 91.52 12.56 0.87 1.99 -0.08 -0.00 -30.00 14.59 2643.38 1.83 Max-Iter
45.74 94.76 13.35 0.84 0.87 -0.15 -0.00 -30.00 14.34 2182.03 1.85 Max-Iter
49.72 98.33 13.70 0.78 0.56 -0.22 -0.00 -29.96 14.34 1984.94 1.84 Max-Iter
53.57 102.22 13.92 0.69 0.15 -0.23 -0.00 -30.00 14.30 1769.39 1.88 Max-Iter
57.12 106.52 13.98 0.60 0.66 -0.25 -0.00 -30.00 14.46 1623.49 1.84 Max-Iter
60.27 111.13 14.25 0.50 0.14 -0.24 -0.00 -30.00 14.35 1461.24 1.87 Max-Iter
63.00 116.14 14.30 0.40 0.01 -0.21 -0.00 -29.99 14.49 1345.48 1.83 Max-Iter
65.23 121.41 14.31 0.32 0.13 -0.19 -0.00 -30.00 14.46 1307.53 1.81 Max-Iter
67.02 126.84 14.36 0.24 0.02 -0.17 -0.00 -30.00 14.39 1305.28 1.82 Max-Iter
68.40 132.42 14.37 0.18 0.03 -0.16 -0.00 -30.00 14.42 1343.82 1.85 Max-Iter
69.40 138.08 14.38 0.11 0.02 -0.15 -0.00 -30.00 14.42 1400.74 1.85 Max-Iter
70.03 143.79 14.39 0.05 -0.11 -0.10 -0.00 -30.00 14.31 1500.66 1.83 Max-Iter
70.32 149.54 14.34 0.01 -0.57 -0.24 -0.00 -30.00 15.00 1693.86 1.85 Max-Iter
70.38 155.28 14.11 -0.08 0.16 -0.13 -0.00 -30.00 14.43 1676.07 1.78 Max-Iter
69.91 160.90 14.18 -0.14 0.14 -0.13 -0.00 -30.00 14.43 1812.73 1.79 Max-Iter
69.14 166.52 14.23 -0.19 0.07 -0.13 -0.00 -30.00 14.43 1969.43 1.89 Max-Iter
68.07 172.11 14.26 -0.24 0.03 -0.14 -0.00 -30.00 14.41 2147.92 1.86 Max-Iter
66.71 177.65 14.27 -0.30 -0.04 -0.14 -0.00 -30.00 14.41 2348.98 1.89 Max-Iter
65.04 183.11 14.26 -0.35 -0.07 -0.15 -0.00 -29.85 14.36 2580.30 1.89 Max-Iter
63.07 188.46 14.23 -0.41 -1.12 -0.14 -0.00 -30.00 13.01 2844.33 1.87 Max-Iter
60.79 193.68 13.78 -0.47 -1.93 -0.14 -0.00 -30.00 11.82 3100.16 1.88 Max-Iter
58.31 198.60 13.01 -0.52 -2.00 -0.13 -0.00 -30.00 10.61 3399.09 1.85 Max-Iter
55.72 203.11 12.21 -0.57 -2.00 -0.13 -0.00 -30.00 9.63 3708.44 1.87 Max-Iter
53.07 207.22 11.41 -0.63 -1.99 -0.13 -0.00 -30.00 8.68 4020.88 1.81 Max-Iter
50.39 210.92 10.61 -0.68 -1.89 -0.14 -0.00 -29.96 7.61 4361.59 1.88 Max-Iter
47.74 214.23 9.86 -0.73 -2.00 -0.15 -0.00 -29.96 6.87 4678.34 1.86 Max-Iter
45.10 217.16 9.06 -0.79 -2.00 -0.11 -0.00 -29.90 5.96 4981.25 1.84 Max-Iter
42.52 219.71 8.26 -0.84 -1.68 -0.11 -0.00 -29.41 5.37 5327.69 1.85 Max-Iter
40.07 221.92 7.59 -0.88 -2.00 -0.11 -0.00 -30.00 4.87 5659.05 1.84 Max-Iter
37.73 223.85 6.79 -0.93 -1.71 -0.12 -0.00 -29.41 4.13 6034.34 1.87 Max-Iter
35.56 225.48 6.10 -0.97 -1.81 -0.14 -0.00 -29.90 3.61 6420.93 1.81 Max-Iter
33.54 226.85 5.38 -1.03 -1.77 -0.09 -0.00 -29.97 3.28 6753.20 1.86 Max-Iter
31.70 227.95 4.67 -1.07 -1.49 -0.09 -0.00 -30.00 2.75 7141.60 1.81 Max-Iter
30.06 228.85 4.07 -1.10 -1.68 -0.08 -0.00 -30.03 2.53 7541.99 1.84 Max-Iter
28.60 229.59 3.40 -1.14 -1.38 -0.07 -0.00 -29.99 2.15 7944.37 1.84 Max-Iter
27.37 230.16 2.85 -1.16 -1.30 -0.06 -0.00 -29.99 1.87 72635.82 1.85 Max-Iter
26.32 230.61 2.33 -1.19 -0.97 -0.06 -0.00 -30.00 1.69 71443.15 1.83 Max-Iter
25.46 230.96 1.94 -1.21 -0.77 -0.05 -0.00 -30.00 1.50 70371.39 1.82 Max-Iter
24.73 231.23 1.63 -1.23 -0.58 -0.05 -0.00 -29.96 1.34 69406.54 1.82 Max-Iter
24.12 231.45 1.40 -1.25 -0.50 -0.04 -0.00 -30.00 1.20 68536.36 1.89 Max-Iter
23.59 231.63 1.20 -1.27 -0.42 -0.04 -0.00 -30.00 1.09 67742.99 1.83 Max-Iter
