32.00 2.00 14.67 0.00 0.00 0.00 0.00 -0.00 14.67 519.84 6.47 Solved
32.00 9.33 14.67 0.00 -0.00 0.00 0.00 -0.00 14.67 486.94 6.55 Solved
32.00 16.67 14.67 0.00 0.00 0.00 0.00 -0.00 14.67 455.11 5.73 Solved
32.00 24.00 14.67 0.00 -0.00 0.00 0.00 -0.00 14.67 424.36 5.83 Solved
32.00 31.33 14.67 0.00 0.00 0.00 0.00 -0.00 14.67 394.68 6.21 Solved
32.00 38.67 14.67 0.00 0.00 -0.00 -0.00 -0.00 14.67 366.08 5.51 Solved
32.00 46.00 14.67 0.00 -0.00 0.00 0.00 -0.00 14.67 338.56 6.19 Solved
32.00 53.33 14.67 0.00 -0.00 -0.00 -0.00 -0.00 14.67 312.11 9.29 Solved
32.00 60.67 14.67 0.00 0.00 -0.00 -0.00 -0.00 14.67 286.74 12.44 Solved
32.00 68.00 14.67 0.00 -0.00 -0.11 -0.05 14.16 14.67 262.54 11.84 Solved
32.00 75.33 14.67 -0.05 -0.00 -0.09 -0.04 15.14 14.67 249.03 11.85 Solved
31.60 82.66 14.67 -0.10 -0.00 -0.07 -0.03 16.27 14.67 251.94 21.74 Solved
30.87 89.95 14.67 -0.14 0.00 -0.06 -0.03 17.58 14.67 265.29 19.67 Solved
29.87 97.21 14.67 -0.16 0.00 -0.04 -0.02 19.10 14.67 283.64 21.30 Solved
28.66 104.45 14.67 -0.18 0.00 -0.02 -0.01 20.91 14.67 302.20 20.49 Solved
27.33 111.66 14.67 -0.19 0.00 0.00 0.00 23.06 14.67 316.85 25.77 Solved
25.92 118.86 14.67 -0.19 -0.01 -0.10 -0.05 40.50 14.66 324.38 25.71 Solved
24.52 126.05 14.66 -0.24 -0.01 -0.26 -0.12 70.39 14.66 434.33 21.96 Solved
22.76 133.17 14.66 -0.37 0.01 -0.23 -0.11 79.61 14.67 815.85 40.59 Solved
20.08 139.99 14.66 -0.49 0.01 -0.19 -0.09 85.79 14.67 1352.80 21.44 Solved
16.63 146.46 14.67 -0.59 0.00 -0.16 -0.07 90.00 14.67 2014.03 21.37 Solved
12.57 152.57 14.67 -0.67 0.00 -0.13 -0.06 90.00 14.67 2800.69 22.44 Solved
8.03 158.33 14.67 -0.73 0.00 -0.07 -0.03 90.00 14.67 3700.82 20.41 Solved
3.14 163.79 14.67 -0.77 -0.00 0.01 0.01 90.00 14.67 4593.58 20.77 Solved
-1.94 169.08 14.67 -0.76 -0.01 0.12 0.05 90.00 14.67 5320.24 20.33 Solved
-6.99 174.40 14.67 -0.70 -0.00 0.13 0.06 90.00 14.67 5681.86 14.94 Solved
-11.71 180.02 14.66 -0.63 -0.01 0.47 0.21 30.00 14.66 6038.59 8.42 Solved
-16.04 185.93 14.66 -0.40 -0.01 0.45 0.21 30.00 14.66 4983.50 5.56 Solved
-18.88 192.69 14.65 -0.17 -0.00 0.44 0.20 30.00 14.66 4084.94 5.40 Solved
-20.13 199.91 14.65 0.05 -0.00 0.44 0.20 30.00 14.66 3310.82 5.44 Solved
-19.77 207.23 14.65 0.27 -0.00 0.44 0.20 30.00 14.66 2630.14 5.47 Solved
-17.84 214.29 14.65 0.49 -0.01 0.47 0.21 30.00 14.66 2010.36 5.39 Solved
-14.40 220.76 14.65 0.72 -0.03 0.51 0.23 -123.16 14.62 1411.95 65.19 Max-Iter
