14.00 2.00 14.67 0.00 -0.14 -0.01 -0.00 0.62 14.67 521.33 1.74 Max-Iter
14.01 7.87 14.61 -0.00 -0.44 0.01 0.01 -0.86 14.33 508.69 1.66 Max-Iter
14.00 13.71 14.43 0.00 -1.07 0.22 0.10 -20.71 13.83 968.64 1.68 Max-Iter
14.02 19.48 14.00 0.09 0.32 0.23 0.10 -27.59 14.77 897.18 1.66 Max-Iter
14.53 25.06 14.13 0.18 0.08 0.21 0.09 -28.77 15.00 728.31 1.68 Max-Iter
15.56 30.62 14.16 0.27 0.30 0.14 0.06 -29.28 14.64 530.41 1.67 Max-Iter
17.06 36.08 14.29 0.32 0.35 0.10 0.04 -30.00 14.62 441.80 1.69 Max-Iter
18.88 41.50 14.42 0.36 0.37 0.09 0.04 -30.00 14.73 564.52 1.66 Max-Iter
20.92 46.89 14.57 0.40 0.19 0.03 0.02 -30.00 14.64 350.35 1.66 Max-Iter
23.18 52.27 14.65 0.41 0.01 -0.02 -0.01 -30.00 14.66 335.90 1.71 Max-Iter
25.53 57.64 14.65 0.40 -0.01 -0.03 -0.01 -30.00 14.65 327.42 1.70 Max-Iter
27.82 63.03 14.65 0.39 -0.02 -0.03 -0.01 -30.00 14.64 321.52 1.71 Max-Iter
30.05 68.45 14.64 0.38 -1.88 -0.05 -0.02 -30.00 13.90 527.33 1.69 Max-Iter
32.21 73.89 13.89 0.36 -2.00 0.16 0.07 -29.99 11.73 1432.83 1.64 Max-Iter
34.16 79.10 13.09 0.42 -1.96 0.40 0.16 -29.93 11.77 3410.26 1.65 Max-Iter
36.32 83.87 12.31 0.58 -1.19 0.41 0.16 -30.00 11.73 4245.82 1.67 Max-Iter
39.03 87.98 11.83 0.75 2.00 0.27 0.10 -30.00 13.57 3748.95 1.66 Max-Iter
42.26 91.44 12.63 0.86 1.42 0.01 0.00 -29.92 14.10 2828.18 1.68 Max-Iter
46.07 94.76 13.20 0.86 0.67 -0.20 -0.08 -30.00 14.09 2400.54 1.69 Max-Iter
50.07 98.20 13.47 0.78 0.65 -0.25 -0.10 -30.00 14.22 2132.97 1.71 Max-Iter
53.86 102.03 13.73 0.68 0.55 -0.26 -0.11 -30.00 14.43 1897.90 1.62 Max-Iter
57.32 106.29 13.95 0.58 0.40 -0.24 -0.11 -30.00 14.42 1682.45 1.64 Max-Iter
60.36 110.97 14.11 0.48 0.32 -0.22 -0.10 -30.00 14.41 1534.63 1.66 Max-Iter
62.96 115.98 14.24 0.39 0.02 -0.19 -0.09 -30.01 14.40 1439.69 1.68 Max-Iter
65.13 121.25 14.24 0.31 0.14 -0.18 -0.08 -30.00 14.39 1408.73 1.66 Max-Iter
66.88 126.67 14.30 0.24 0.10 -0.17 -0.08 -30.00 14.39 1406.45 1.70 Max-Iter
68.23 132.23 14.34 0.17 0.06 -0.16 -0.07 -30.00 14.40 1432.15 1.64 Max-Iter
69.21 137.88 14.36 0.11 0.03 -0.15 -0.07 -30.00 14.41 1485.23 1.65 Max-Iter
69.83 143.59 14.37 0.05 -0.24 -0.06 -0.03 -30.00 14.17 1639.41 1.65 Max-Iter
70.11 149.33 14.28 0.02 -0.16 -0.15 -0.07 -30.00 14.52 1755.03 1.67 Max-Iter
70.25 155.04 14.22 -0.04 0.07 -0.15 -0.07 -30.00 14.42 1850.86 1.65 Max-Iter
70.04 160.73 14.24 -0.10 0.09 -0.15 -0.07 -30.00 14.41 1974.64 1.66 Max-Iter
69.49 166.40 14.28 -0.16 -0.00 -0.15 -0.07 -30.00 14.40 2120.79 1.67 Max-Iter
68.59 172.04 14.28 -0.22 -0.04 -0.15 -0.07 -30.00 14.38 2291.21 1.69 Max-Iter
67.36 177.62 14.26 -0.28 -0.06 -0.15 -0.07 -30.00 14.39 2484.74 1.66 Max-Iter
65.79 183.10 14.24 -0.34 0.01 -0.16 -0.07 -30.00 14.29 2707.06 1.68 Max-Iter
63.90 188.47 14.24 -0.40 -1.13 -0.15 -0.06 -30.00 13.00 2920.51 1.67 Max-Iter
61.67 193.72 13.79 -0.46 -1.99 -0.14 -0.06 -30.00 11.79 3216.86 1.66 Max-Iter
59.21 198.66 12.99 -0.52 -1.84 -0.12 -0.05 -29.89 10.35 3515.63 1.66 Max-Iter
56.64 203.17 12.26 -0.57 -2.00 -0.12 -0.05 -30.02 9.61 3839.73 1.69 Max-Iter
54.00 207.31 11.46 -0.62 -2.00 -0.14 -0.05 -29.99 8.62 4168.15 1.66 Max-Iter
51.35 211.05 10.66 -0.67 -2.00 -0.15 -0.05 -30.00 7.80 4498.88 1.65 Max-Iter
48.70 214.39 9.86 -0.73 -2.00 -0.13 -0.04 -29.96 6.76 4813.78 1.66 Max-Iter
46.08 217.33 9.06 -0.78 -1.73 -0.13 -0.04 -29.40 6.27 5164.37 1.66 Max-Iter
43.53 219.91 8.37 -0.83 -2.00 -0.12 -0.03 -29.96 5.32 5491.40 1.67 Max-Iter
41.05 222.16 7.57 -0.88 -2.00 -0.14 -0.03 -29.98 4.69 5876.13 1.64 Max-Iter
38.72 224.09 6.77 -0.94 -1.97 -0.15 -0.03 -29.89 4.18 6295.29 1.67 Max-Iter
36.54 225.69 5.98 -1.00 -1.75 -0.10 -0.02 -29.65 3.73 6604.16 1.65 Max-Iter
34.53 226.98 5.28 -1.04 -1.49 0.12 0.02 -30.04 1.80 8560.72 1.66 Max-Iter
32.71 228.05 4.68 -0.99 -2.00 -0.12 -0.02 -30.00 2.75 7378.55 1.63 Max-Iter
31.14 229.08 3.88 -1.04 -1.89 -0.11 -0.01 -30.00 2.60 7802.83 1.67 Max-Iter
29.80 229.87 3.12 -1.08 -1.64 -0.09 -0.01 -30.00 2.22 8200.89 1.66 Max-Iter
28.70 230.46 2.47 -1.11 -1.17 -0.07 -0.01 -30.11 1.70 72159.42 1.69 Max-Iter
27.82 230.89 2.00 -1.14 -0.68 0.09 0.01 -29.96 0.76 71266.38 1.66 Max-Iter
27.09 231.22 1.73 -1.11 -0.72 -0.08 -0.00 -30.00 1.24 70174.44 1.69 Max-Iter
26.47 231.53 1.44 -1.14 -0.51 -0.07 -0.00 -30.00 1.24 69251.81 1.65 Max-Iter
25.94 231.77 1.24 -1.17 -0.47 -0.06 -0.00 -30.00 1.12 68460.43 1.65 Max-Iter
25.49 231.96 1.05 -1.19 -0.61 -0.06 -0.00 -30.00 0.92 67809.29 1.67 Max-Iter
25.10 232.12 0.80 -1.22 -0.29 -0.05 -0.00 -30.00 0.97 67158.23 1.67 Max-Iter
24.80 232.23 0.69 -1.24 -0.17 -0.03 -0.00 -30.00 0.83 66688.82 1.66 Max-Iter
24.54 232.32 0.62 -1.25 -0.14 -0.03 -0.00 -30.00 0.61 66284.35 1.68 Max-Iter
24.30 232.40 0.56 -1.26 -0.15 -0.03 -0.00 -30.00 0.58 65914.06 1.66 Max-Iter
24.09 232.46 0.50 -1.28 -0.28 -0.02 -0.00 -30.00 0.60 65576.25 1.65 Max-Iter
23.90 232.52 0.39 -1.28 -0.13 -0.03 -0.00 -30.00 0.44 65268.08 1.68 Max-Iter
23.75 232.57 0.34 -1.30 0.09 -0.02 -0.00 -30.00 0.53 65024.93 1.65 Max-Iter
