14.00 2.00 14.67 0.00 0.00 0.00 0.00 -0.00 14.67 519.84 7.69 Solved
14.01 7.87 14.67 0.00 0.00 -0.00 -0.00 -0.00 14.67 493.44 9.44 Solved
14.01 13.73 14.67 0.00 -0.01 0.00 0.00 -0.00 14.66 467.72 10.01 Solved
14.02 19.60 14.66 0.00 -2.00 0.15 0.07 -13.77 12.46 1091.07 12.83 Restoration-Phase
14.02 25.47 13.86 0.06 -2.00 0.37 0.16 -30.00 12.82 1822.23 8.55 Acceptable
14.35 31.00 13.06 0.21 0.73 0.41 0.17 -30.00 14.33 1794.31 12.63 Acceptable
15.42 36.12 13.36 0.37 0.87 0.28 0.12 -29.84 14.45 1117.41 4.70 Infeasible
17.36 41.10 13.71 0.48 0.72 0.17 0.07 -30.00 14.49 758.62 8.33 Solved
19.90 45.95 13.99 0.55 0.51 0.08 0.04 -30.00 14.52 616.88 15.36 Solved
22.82 50.73 14.20 0.58 0.32 0.01 0.00 -30.00 14.54 568.83 10.76 Solved
25.95 55.47 14.33 0.59 0.18 -0.06 -0.03 -30.00 14.56 557.08 7.35 Solved
29.13 60.24 14.40 0.56 0.11 -0.11 -0.05 -30.00 14.57 544.12 7.16 Solved
32.20 65.11 14.45 0.52 0.08 -0.10 -0.05 -30.00 14.58 510.75 6.29 Restoration-Phase
35.08 70.12 14.48 0.48 0.06 -0.09 -0.04 -30.00 14.58 487.86 4.88 Restoration-Phase
37.76 75.26 14.50 0.44 0.04 -0.09 -0.04 -30.00 14.59 473.94 14.21 Acceptable
40.24 80.50 14.52 0.41 0.03 -0.09 -0.04 -30.00 14.59 467.92 13.90 Solved
42.54 85.83 14.53 0.37 0.02 -0.08 -0.04 -30.00 14.59 469.12 12.10 Solved
44.65 91.24 14.54 0.34 0.01 -0.08 -0.04 -30.00 14.59 477.11 9.05 Solved
46.59 96.73 14.54 0.31 0.01 -0.08 -0.04 -30.00 14.59 491.69 7.82 Acceptable
48.35 102.27 14.55 0.28 0.00 -0.08 -0.04 -30.00 14.59 512.84 24.68 Solved
49.93 107.87 14.55 0.24 -0.00 -0.08 -0.04 -30.00 14.59 540.70 6.97 Solved
51.34 113.52 14.55 0.21 -0.01 -0.08 -0.04 -30.00 14.58 575.54 3.36 Restoration-Phase
52.57 119.21 14.54 0.18 -0.01 -0.08 -0.04 -30.00 14.58 617.75 9.01 Solved
53.61 124.93 14.54 0.15 -0.02 -0.08 -0.04 -30.00 14.57 667.94 6.58 Solved
54.48 130.68 14.53 0.12 -0.02 -0.08 -0.04 -30.00 14.57 726.79 6.83 Acceptable
55.15 136.46 14.53 0.08 -0.03 -0.09 -0.04 -30.00 14.56 795.15 7.34 Solved
55.62 142.25 14.51 0.05 -0.03 -0.09 -0.04 -30.00 14.55 874.09 5.93 Solved
55.90 148.05 14.50 0.01 -0.04 -0.10 -0.04 -30.00 14.53 964.90 6.84 Solved
55.96 153.85 14.48 -0.03 -0.05 -0.10 -0.05 -30.00 14.51 1069.16 10.05 Solved
55.80 159.64 14.46 -0.07 -0.06 -0.11 -0.05 -30.00 14.49 1188.79 6.22 Solved
55.40 165.41 14.44 -0.11 -0.08 -0.12 -0.05 -30.00 14.47 1326.19 6.33 Solved
54.76 171.15 14.41 -0.16 -0.11 -0.13 -0.06 -30.00 14.43 1484.38 8.35 Solved
53.85 176.84 14.36 -0.21 -0.14 -0.14 -0.06 -30.00 14.38 1667.21 7.55 Solved
52.66 182.46 14.31 -0.26 -1.31 -0.13 -0.06 -30.00 13.05 1850.53 15.97 Solved
51.18 187.99 13.78 -0.32 -1.98 -0.13 -0.06 -30.00 11.79 2094.45 11.42 Acceptable
49.46 193.23 12.99 -0.37 -2.00 -0.13 -0.05 -30.00 10.64 2337.35 9.89 Solved
47.59 198.08 12.19 -0.42 -2.00 -0.13 -0.05 -30.00 9.58 2593.51 8.44 Solved
45.61 202.53 11.39 -0.47 -2.00 -0.13 -0.05 -30.00 8.62 2858.30 19.67 Solved
43.54 206.59 10.59 -0.52 -2.00 -0.13 -0.04 -30.00 7.73 3129.45 7.39 Solved
41.43 210.26 9.79 -0.57 -2.00 -0.13 -0.04 -30.00 6.90 3406.35 7.97 Acceptable
39.31 213.55 8.99 -0.63 -2.00 -0.13 -0.04 -30.00 6.13 3690.31 7.78 Solved
37.20 216.47 8.19 -0.68 -2.00 -0.13 -0.03 -30.00 5.41 3983.64 11.15 Acceptable
35.15 219.02 7.39 -0.73 -2.00 -0.13 -0.03 -30.00 4.74 4288.94 7.71 Acceptable
33.18 221.23 6.59 -0.78 -2.00 -0.12 -0.02 -30.00 4.13 4608.72 8.85 Acceptable
31.32 223.10 5.79 -0.83 -2.00 -0.11 -0.02 -30.00 3.58 4943.97 22.10 Acceptable
29.62 224.67 4.99 -0.87 -2.00 -0.10 -0.02 -30.00 3.09 5293.01 9.94 Acceptable
28.09 225.95 4.19 -0.92 -1.83 -0.09 -0.01 -30.00 2.67 5652.55 9.21 Solved
26.76 226.97 3.46 -0.95 -1.48 -0.08 -0.01 -30.00 2.31 6018.96 11.08 Solved
25.63 227.77 2.87 -0.99 -1.20 -0.07 -0.01 -30.00 1.99 6386.41 10.16 Solved
24.67 228.41 2.39 -1.02 -0.99 -0.07 -0.00 -30.00 1.73 6747.09 10.62 Restoration-Phase
23.86 228.91 1.99 -1.04 -0.82 -0.06 -0.00 -30.00 1.50 7095.75 8.52 Acceptable
