14.00 2.00 14.67 0.00 -1.68 -0.19 -0.09 17.44 14.10 917.75 11.50 Max-Iter
14.01 7.87 13.99 -0.08 0.57 -0.21 -0.09 24.36 14.65 870.04 11.42 Max-Iter
13.58 13.45 14.22 -0.16 0.09 -0.18 -0.08 26.62 15.01 708.89 11.43 Max-Iter
12.67 19.06 14.26 -0.23 -0.01 -0.14 -0.06 25.87 14.67 565.83 11.46 Max-Iter
11.36 24.61 14.25 -0.29 0.22 -0.08 -0.03 27.23 14.64 485.86 11.56 Max-Iter
9.74 30.08 14.34 -0.32 -0.40 -0.13 -0.06 26.08 14.02 601.85 11.17 Max-Iter
7.95 35.53 14.18 -0.37 0.33 0.00 0.00 28.73 14.52 390.15 11.43 Max-Iter
5.90 40.82 14.31 -0.37 0.30 -0.00 -0.00 29.80 14.65 368.69 11.63 Max-Iter
3.84 46.16 14.43 -0.37 0.19 0.01 0.00 30.00 14.65 351.69 11.96 Max-Iter
1.76 51.55 14.51 -0.37 0.30 0.05 0.02 30.00 14.93 373.82 12.38 Max-Iter
-0.32 56.97 14.63 -0.35 -0.08 0.01 0.01 30.00 14.63 328.75 11.90 Max-Iter
-2.31 62.47 14.60 -0.34 0.01 0.01 0.01 30.00 14.68 321.25 11.34 Max-Iter
-4.27 67.97 14.60 -0.34 0.01 0.02 0.01 30.00 14.66 319.58 11.46 Max-Iter
-6.21 73.48 14.60 -0.33 -0.02 0.03 0.01 30.00 14.64 321.31 11.32 Max-Iter
-8.09 79.01 14.60 -0.32 0.50 0.06 0.03 30.00 15.56 401.35 11.48 Max-Iter
-9.91 84.56 14.80 -0.29 -0.16 0.03 0.02 29.99 14.66 327.38 11.54 Max-Iter
-11.61 90.23 14.73 -0.28 -1.14 0.03 0.02 30.00 13.91 408.26 11.55 Max-Iter
-13.23 95.89 14.27 -0.26 -2.00 0.10 0.05 23.35 11.73 1286.60 11.53 Max-Iter
-14.73 101.40 13.48 -0.22 -0.87 -0.52 -0.22 69.15 12.67 3865.14 11.91 Max-Iter
-15.92 106.66 13.13 -0.43 2.00 -0.52 -0.21 32.78 14.35 6028.20 12.07 Max-Iter
-18.11 111.43 13.92 -0.64 0.68 -0.31 -0.14 30.00 13.98 3986.92 11.29 Max-Iter
-21.44 115.89 14.20 -0.77 0.11 -0.03 -0.01 30.00 13.83 3282.21 11.32 Max-Iter
-25.38 119.98 14.24 -0.78 0.21 0.11 0.05 30.00 13.95 3099.58 11.27 Max-Iter
-29.38 124.05 14.33 -0.73 -0.39 0.25 0.11 30.00 13.97 3020.88 11.35 Max-Iter
-33.21 128.31 14.17 -0.63 -0.18 0.33 0.15 29.99 14.00 2818.64 11.48 Max-Iter
-36.55 132.89 14.10 -0.50 0.07 0.29 0.13 30.00 14.15 2536.45 11.49 Max-Iter
-39.25 137.84 14.12 -0.38 0.12 0.27 0.12 30.00 14.20 2371.94 11.57 Max-Iter
-41.36 143.08 14.17 -0.27 0.31 0.23 0.10 30.00 14.46 2307.13 11.34 Max-Iter
-42.90 148.54 14.30 -0.18 -0.10 0.21 0.09 30.00 14.08 2302.80 11.44 Max-Iter
-43.94 154.16 14.26 -0.10 0.05 0.22 0.10 30.00 14.29 2356.53 11.44 Max-Iter
-44.51 159.83 14.28 -0.01 0.06 0.21 0.09 30.00 14.32 2426.00 11.57 Max-Iter
-44.58 165.54 14.30 0.07 0.03 0.20 0.09 30.00 14.31 2533.11 11.49 Max-Iter
-44.17 171.25 14.32 0.15 0.00 0.19 0.08 30.00 14.30 2679.79 11.56 Max-Iter
-43.32 176.91 14.32 0.23 -0.02 0.19 0.08 30.00 14.29 2859.25 11.48 Max-Iter
-42.03 182.49 14.31 0.30 -0.04 0.18 0.08 30.00 14.28 3072.92 11.50 Max-Iter
-40.33 187.96 14.29 0.37 -0.19 0.19 0.08 30.00 14.25 3330.13 11.67 Max-Iter
-38.26 193.29 14.22 0.45 -1.28 0.17 0.08 30.00 12.85 3560.04 11.23 Max-Iter
-35.80 198.41 13.70 0.52 -1.80 0.15 0.07 29.99 11.62 3875.14 11.39 Max-Iter
-33.10 203.18 12.98 0.58 -1.93 0.15 0.06 29.98 10.39 4214.71 11.47 Max-Iter
-30.26 207.53 12.21 0.64 -1.92 0.13 0.05 29.99 9.35 4569.35 11.42 Max-Iter
-27.35 211.45 11.44 0.69 -2.00 0.15 0.05 29.56 8.61 4954.61 11.56 Max-Iter
-24.43 214.98 10.64 0.75 -1.99 0.16 0.05 29.96 7.56 5308.81 11.57 Max-Iter
-21.52 218.09 9.85 0.81 -1.99 0.16 0.05 29.97 6.74 5669.73 11.23 Max-Iter
-18.65 220.79 9.06 0.88 -1.98 0.16 0.04 29.95 6.01 6019.63 11.39 Max-Iter
-15.86 223.10 8.26 0.94 -1.99 0.16 0.04 29.98 5.30 6369.83 11.21 Max-Iter
-13.19 225.04 7.46 1.01 -2.00 0.13 0.03 29.99 4.70 6719.17 11.56 Max-Iter
-10.66 226.63 6.67 1.06 -1.89 0.09 0.02 30.00 4.25 7054.07 11.36 Max-Iter
-8.34 227.94 5.91 1.10 -1.75 0.09 0.02 29.99 3.68 7424.51 11.33 Max-Iter
-6.23 229.02 5.21 1.13 -1.47 0.13 0.02 27.52 4.03 7965.60 11.36 Max-Iter
-4.35 229.90 4.62 1.19 -1.43 0.07 0.01 29.99 2.83 8206.52 11.40 Max-Iter
-2.63 230.60 4.05 1.21 -1.29 0.07 0.01 29.97 2.41 8614.33 11.33 Max-Iter
-1.11 231.16 3.53 1.24 -1.49 0.07 0.01 29.98 2.25 9028.71 11.48 Max-Iter
0.22 231.62 2.94 1.27 -0.89 0.07 0.01 30.00 1.91 9436.15 11.49 Max-Iter
1.34 231.97 2.58 1.30 -0.96 0.06 0.00 29.88 1.75 9835.80 11.53 Max-Iter
2.34 232.25 2.20 1.32 -1.17 0.01 0.00 30.04 1.13 10629.00 11.44 Max-Iter
3.19 232.47 1.73 1.32 -0.66 0.05 0.00 30.00 1.29 10610.98 11.42 Max-Iter
3.86 232.64 1.46 1.34 -0.71 0.05 0.00 30.02 1.03 10952.32 11.37 Max-Iter
4.43 232.77 1.18 1.36 -0.41 0.01 0.00 30.00 0.98 11269.12 11.35 Max-Iter
4.89 232.87 1.01 1.36 -0.35 0.04 0.00 30.00 0.81 11529.74 11.46 Max-Iter
