32.00 2.00 14.67 0.00 -0.00 0.00 0.00 -0.00 14.67 519.84 1.99 Solved
32.00 9.33 14.67 0.00 0.00 -0.00 -0.00 -0.00 14.67 486.94 3.86 Solved
32.00 16.67 14.67 -0.00 -0.00 0.00 0.00 -0.00 14.67 455.11 5.53 Solved
32.00 24.00 14.67 0.00 -0.00 -0.00 -0.00 -0.00 14.67 424.36 9.75 Solved
32.00 31.33 14.67 0.00 0.00 0.00 0.00 -0.00 14.67 394.68 8.90 Solved
32.00 38.67 14.67 0.00 -0.00 0.00 0.00 -0.00 14.67 366.08 13.06 Solved
32.00 46.00 14.67 0.00 0.00 -0.00 -0.00 0.00 14.67 338.56 12.22 Solved
32.00 53.33 14.67 0.00 -0.00 -0.00 -0.00 -0.00 14.67 312.11 13.10 Solved
32.00 60.67 14.67 0.00 0.00 -0.00 -0.00 -0.00 14.67 286.74 13.01 Solved
32.00 68.00 14.67 0.00 -0.00 -0.00 -0.00 0.00 14.67 262.44 16.80 Solved
32.00 75.33 14.67 -0.00 -0.01 -0.12 -0.06 16.64 14.66 239.35 15.69 Solved
32.00 82.67 14.66 -0.06 0.00 -0.14 -0.06 23.29 14.67 229.86 15.41 Solved
31.55 89.98 14.67 -0.13 0.00 -0.11 -0.05 25.11 14.67 254.27 20.49 Solved
30.60 97.26 14.67 -0.19 -0.02 -0.22 -0.10 49.61 14.66 303.71 26.48 Solved
29.24 104.46 14.66 -0.30 0.01 0.02 0.01 19.27 14.67 492.11 26.49 Solved
27.09 111.47 14.67 -0.29 0.01 0.04 0.02 21.26 14.67 492.22 40.18 Solved
25.03 118.51 14.67 -0.26 0.00 0.06 0.03 23.66 14.67 475.85 38.52 Solved
23.11 125.58 14.67 -0.23 -0.00 0.08 0.04 26.64 14.67 441.99 29.32 Solved
21.41 132.72 14.67 -0.19 -0.00 0.06 0.03 30.40 14.67 390.86 19.31 Solved
20.02 139.92 14.67 -0.16 -0.00 0.03 0.01 35.24 14.67 370.03 22.93 Solved
18.82 147.16 14.67 -0.15 -0.00 -0.00 -0.00 41.59 14.67 380.87 20.07 Solved
17.73 154.41 14.67 -0.15 -0.00 0.00 0.00 50.03 14.67 430.70 20.14 Solved
16.63 161.66 14.67 -0.15 -0.00 -0.00 -0.00 61.22 14.67 500.86 12.43 Solved
15.54 168.91 14.67 -0.15 -0.00 -0.00 -0.00 75.40 14.67 600.00 12.15 Solved
14.45 176.16 14.67 -0.15 -0.00 0.01 0.00 90.00 14.67 741.93 11.83 Solved
13.35 183.41 14.67 -0.15 -0.02 0.42 0.19 30.00 14.66 937.17 11.52 Solved
