32.00 2.00 14.67 0.00 -0.00 -0.00 -0.00 0.00 14.67 519.84 2.05 Solved
32.00 9.33 14.67 -0.00 0.00 0.00 0.00 -0.00 14.67 486.94 2.08 Solved
32.00 16.67 14.67 -0.00 0.00 0.00 0.00 0.00 14.67 455.11 3.85 Solved
32.00 24.00 14.67 0.00 -0.00 0.00 0.00 -0.00 14.67 424.36 7.46 Solved
32.00 31.33 14.67 0.00 -0.03 0.17 0.08 -23.68 14.66 394.99 7.97 Solved
32.00 38.67 14.65 0.08 0.02 0.26 0.12 -37.83 14.67 389.20 17.73 Solved
32.61 45.97 14.66 0.21 0.01 -0.20 -0.09 4.49 14.67 490.97 16.43 Solved
34.15 53.13 14.66 0.11 0.00 -0.16 -0.07 4.75 14.67 363.69 14.43 Solved
34.97 60.42 14.67 0.03 0.00 -0.12 -0.05 5.04 14.67 295.84 15.82 Solved
35.20 67.75 14.67 -0.03 0.00 -0.08 -0.04 5.38 14.67 263.60 15.76 Solved
35.00 75.08 14.67 -0.07 0.00 -0.04 -0.02 5.76 14.67 247.75 19.94 Solved
34.51 82.39 14.67 -0.09 -0.00 0.15 0.07 -14.30 14.67 234.48 21.19 Solved
33.86 89.70 14.67 -0.01 -0.00 0.13 0.06 -15.46 14.67 197.01 26.36 Solved
33.78 97.03 14.67 0.05 0.00 0.10 0.05 -16.81 14.67 191.33 37.80 Solved
34.17 104.35 14.67 0.10 0.00 0.08 0.04 -18.41 14.67 206.54 40.04 Solved
34.93 111.65 14.67 0.14 0.00 0.05 0.02 -20.34 14.67 232.75 39.39 Solved
35.98 118.90 14.67 0.17 0.00 0.03 0.01 -22.70 14.67 261.34 32.02 Solved
37.21 126.13 14.67 0.18 0.00 -0.00 -0.00 -25.63 14.67 285.09 31.97 Solved
38.54 133.35 14.67 0.18 0.00 -0.00 -0.00 -29.36 14.67 298.33 31.36 Solved
39.87 140.56 14.67 0.18 -0.00 -0.02 -0.01 -30.00 14.67 319.49 28.45 Solved
41.20 147.77 14.67 0.17 -0.00 -0.04 -0.02 -30.00 14.67 333.69 29.26 Solved
42.46 154.99 14.67 0.15 -0.00 -0.06 -0.03 -30.00 14.67 335.59 26.42 Solved
43.57 162.24 14.67 0.12 -0.00 -0.09 -0.04 -30.00 14.67 322.53 19.89 Solved
44.45 169.52 14.67 0.07 -0.00 -0.13 -0.06 -30.00 14.67 291.32 7.87 Solved
45.00 176.83 14.66 0.01 -0.00 -0.17 -0.08 -30.00 14.67 238.10 8.11 Solved
