32.00 2.00 14.67 0.00 -0.00 0.00 0.00 -0.00 14.67 519.84 4.79 Solved
32.00 9.33 14.67 0.00 -0.01 0.30 0.14 -36.50 14.67 487.73 3.64 Solved
32.00 16.67 14.66 0.15 0.00 -0.14 -0.06 2.67 14.67 531.33 3.50 Solved
33.11 23.91 14.66 0.08 0.00 -0.11 -0.05 2.80 14.67 451.33 7.85 Solved
33.73 31.22 14.67 0.03 -0.00 -0.16 -0.07 17.12 14.67 400.33 8.98 Solved
33.95 38.55 14.66 -0.05 -0.00 -0.14 -0.06 17.99 14.67 372.25 9.72 Solved
33.58 45.87 14.66 -0.12 0.00 -0.11 -0.05 18.96 14.67 379.89 9.00 Solved
32.70 53.15 14.66 -0.18 0.00 -0.08 -0.04 20.03 14.67 409.36 13.84 Solved
31.42 60.37 14.66 -0.22 0.00 -0.06 -0.03 21.22 14.67 447.78 16.84 Solved
29.84 67.53 14.66 -0.25 0.00 -0.04 -0.02 27.08 14.67 483.77 34.47 Solved
28.06 74.64 14.67 -0.27 -0.02 -0.21 -0.09 52.38 14.66 523.88 32.07 Solved
26.12 81.71 14.66 -0.37 0.01 -0.24 -0.11 63.81 14.67 774.73 32.37 Solved
23.46 88.54 14.66 -0.49 0.01 -0.20 -0.09 67.24 14.67 1200.23 29.01 Solved
20.00 95.01 14.67 -0.59 0.00 -0.16 -0.07 70.84 14.67 1702.70 31.48 Solved
15.91 101.09 14.67 -0.67 0.00 -0.12 -0.05 74.62 14.67 2247.27 35.32 Solved
11.35 106.84 14.67 -0.73 0.00 -0.08 -0.04 78.53 14.67 2800.22 34.01 Solved
6.45 112.29 14.67 -0.77 -0.00 -0.04 -0.02 82.56 14.67 3329.44 34.95 Solved
1.34 117.55 14.67 -0.79 -0.00 0.00 0.00 86.66 14.67 3804.97 23.12 Solved
-3.88 122.71 14.67 -0.79 -0.01 0.31 0.14 30.00 14.67 4201.53 20.27 Solved
-9.09 127.87 14.66 -0.64 -0.00 0.28 0.13 30.00 14.67 3533.46 15.51 Solved
-13.45 133.76 14.66 -0.49 -0.00 0.26 0.12 30.00 14.67 2991.83 11.22 Solved
-16.93 140.21 14.66 -0.36 0.00 0.24 0.11 30.00 14.67 2549.08 7.96 Solved
-19.54 147.06 14.66 -0.24 0.00 0.23 0.11 30.00 14.67 2183.48 7.80 Solved
-21.29 154.18 14.66 -0.13 0.00 0.22 0.10 30.00 14.67 1877.74 4.89 Solved
-22.21 161.46 14.66 -0.02 -0.00 0.21 0.10 30.00 14.67 1617.93 5.26 Solved
-22.33 168.79 14.66 0.09 -0.00 0.21 0.10 30.00 14.67 1392.60 5.77 Solved
-21.67 176.09 14.66 0.20 -0.00 0.21 0.10 30.00 14.67 1192.00 2.79 Solved
-20.24 183.28 14.66 0.30 -0.00 0.22 0.10 30.00 14.67 1007.38 3.06 Solved
-18.07 190.28 14.66 0.41 -0.00 0.23 0.11 30.00 14.66 830.32 3.16 Solved
-15.15 197.01 14.66 0.53 -0.00 0.26 0.12 30.00 14.66 652.10 0.38 Solved
-11.47 203.34 14.66 0.66 -0.01 0.31 0.14 30.00 14.66 463.67 0.43 Solved
