14.00 2.00 14.67 0.00 0.00 0.00 0.00 -0.00 0.00 0.01 14.67 0.00 0.58 Acceptable
14.00 7.87 14.67 0.00 0.00 -0.00 -0.00 -0.00 -0.00 0.02 14.67 0.00 0.56 Acceptable
14.00 13.73 14.67 -0.00 -0.00 -0.00 0.00 -0.00 -0.00 0.02 14.67 0.00 0.60 Acceptable
14.00 19.60 14.67 -0.00 -0.00 -0.00 -0.07 -0.06 -0.00 0.50 14.59 0.22 0.53 Acceptable
14.00 25.47 14.67 -0.00 -0.03 -0.03 0.05 -0.16 -0.01 1.75 14.69 1.42 0.51 Acceptable
13.99 31.33 14.66 -0.01 -0.01 -0.09 0.02 0.00 -0.04 1.77 14.67 0.00 0.49 Acceptable
13.92 37.20 14.65 -0.05 0.00 -0.09 0.01 -0.00 -0.04 2.41 14.67 0.00 0.50 Acceptable
13.65 43.05 14.65 -0.08 0.00 -0.09 0.00 0.00 -0.04 3.17 14.67 0.01 0.50 Acceptable
13.16 48.89 14.66 -0.12 0.01 -0.09 0.00 -0.00 -0.04 4.08 14.67 0.07 0.55 Acceptable
12.46 54.71 14.66 -0.16 0.01 -0.09 -0.00 -0.00 -0.04 5.13 14.67 0.25 0.52 Acceptable
11.56 60.50 14.66 -0.19 0.01 -0.09 -0.00 0.00 -0.04 6.35 14.67 0.68 0.50 Acceptable
10.44 66.26 14.66 -0.23 0.00 -0.09 -0.00 -0.00 -0.04 7.76 14.67 1.55 0.54 Acceptable
9.12 71.98 14.66 -0.26 0.00 -0.09 -0.00 -0.00 -0.04 9.35 14.67 3.13 0.63 Acceptable
7.60 77.64 14.67 -0.30 0.00 -0.09 -0.04 0.12 -0.04 10.00 14.62 6.59 0.60 Acceptable
5.87 83.25 14.67 -0.34 -0.02 -0.04 -0.03 0.21 -0.02 10.00 14.61 12.44 0.61 Acceptable
3.94 88.79 14.66 -0.35 -0.03 0.04 0.01 0.19 0.02 10.00 14.63 18.64 0.69 Acceptable
1.91 94.29 14.65 -0.34 -0.02 0.12 0.03 0.13 0.05 10.00 14.65 26.88 0.60 Acceptable
-0.01 99.82 14.64 -0.29 -0.01 0.17 0.03 0.07 0.08 10.00 14.67 38.00 0.57 Acceptable
-1.68 105.44 14.63 -0.22 0.00 0.20 0.02 0.01 0.09 10.00 14.67 51.47 0.65 Acceptable
-2.95 111.15 14.63 -0.14 0.01 0.20 0.01 0.00 0.09 9.34 14.67 65.90 0.60 Acceptable
-3.77 116.95 14.64 -0.06 0.01 0.20 0.00 0.00 0.09 8.19 14.67 79.81 0.52 Acceptable
-4.13 122.79 14.64 0.02 0.02 0.20 -0.00 -0.00 0.09 6.48 14.67 92.08 0.52 Acceptable
-4.01 128.65 14.65 0.10 0.01 0.20 -0.01 0.00 0.09 4.09 14.67 101.54 0.51 Acceptable
-3.43 134.48 14.66 0.18 0.01 0.20 -0.01 -0.00 0.09 0.90 14.67 106.92 0.52 Acceptable
-2.38 140.25 14.66 0.26 0.01 0.20 2.00 0.35 0.09 169.31 16.13 159.45 0.62 Infeasible
-0.88 145.91 14.66 0.34 0.81 0.34 2.00 0.35 0.15 162.85 16.13 159.89 0.83 Infeasible
1.08 151.44 14.99 0.48 1.61 0.48 1.50 0.16 0.22 155.84 16.13 157.29 1.05 Infeasible
3.82 156.78 15.63 0.67 2.21 0.54 -0.92 -0.35 0.26 148.48 16.13 148.96 0.39 Infeasible
7.69 161.69 16.51 0.88 1.84 0.40 -0.77 -0.35 0.21 141.05 16.13 130.89 0.30 Infeasible
12.80 165.87 17.25 1.05 1.53 0.26 -0.64 -0.35 0.14 133.57 16.13 121.40 0.32 Infeasible
18.77 169.33 17.86 1.15 1.28 0.13 -0.53 -0.35 0.07 126.03 16.13 30937.39 0.31 Infeasible
25.30 172.23 18.38 1.20 1.07 -0.01 -0.44 -0.35 -0.01 118.38 16.13 28691.11 0.41 Infeasible
