14.00 2.00 14.67 0.00 0.00 -0.00 -0.00 0.00 14.67 0.00 0.50 Acceptable
14.00 7.87 14.67 -0.00 -0.00 -0.00 -0.00 0.00 14.67 0.00 0.57 Acceptable
14.00 13.73 14.67 -0.00 -0.00 -0.00 -0.00 0.01 14.67 0.00 0.47 Acceptable
14.00 19.60 14.67 -0.00 -0.06 -0.04 -0.02 0.49 14.62 0.16 0.55 Acceptable
14.00 25.47 14.64 -0.02 0.03 -0.12 -0.06 1.75 14.68 1.24 0.43 Acceptable
13.90 31.32 14.66 -0.07 0.01 -0.00 -0.00 1.01 14.67 0.00 0.52 Acceptable
13.52 37.17 14.66 -0.07 0.01 0.00 0.00 1.19 14.67 0.02 0.48 Acceptable
13.14 43.02 14.66 -0.07 0.00 0.00 0.00 1.39 14.67 0.07 0.49 Acceptable
12.75 48.88 14.66 -0.07 0.00 -0.00 -0.00 1.60 14.67 0.16 0.51 Acceptable
12.37 54.73 14.66 -0.07 0.00 -0.00 -0.00 1.84 14.67 0.28 0.52 Acceptable
11.99 60.58 14.67 -0.07 0.00 -0.00 -0.00 2.09 14.67 0.46 0.52 Acceptable
11.61 66.44 14.67 -0.07 0.00 -0.00 -0.00 2.37 14.67 0.70 0.50 Acceptable
11.22 72.29 14.67 -0.07 0.00 -0.00 -0.00 2.68 14.67 1.02 0.49 Acceptable
10.84 78.14 14.67 -0.07 0.00 -0.00 -0.00 3.02 14.67 1.42 0.49 Acceptable
10.46 84.00 14.67 -0.07 0.00 -0.00 -0.00 3.39 14.67 1.93 0.52 Acceptable
10.07 89.85 14.67 -0.07 0.00 0.00 0.00 3.81 14.67 2.58 0.48 Acceptable
9.69 95.71 14.67 -0.07 0.00 -0.00 -0.00 4.28 14.67 3.38 0.49 Acceptable
9.31 101.56 14.67 -0.07 0.00 0.00 0.00 4.82 14.67 4.38 0.50 Acceptable
8.92 107.41 14.67 -0.07 0.00 -0.00 -0.00 5.43 14.67 5.62 0.48 Acceptable
8.54 113.27 14.67 -0.07 0.00 -0.00 -0.00 6.13 14.67 7.17 0.57 Acceptable
8.16 119.12 14.67 -0.07 0.00 -0.00 -0.00 6.95 14.67 9.09 0.48 Acceptable
7.78 124.98 14.67 -0.07 0.00 -0.00 -0.00 7.92 14.67 11.50 0.57 Acceptable
7.39 130.83 14.67 -0.07 0.00 0.00 0.00 9.07 14.67 14.53 0.53 Acceptable
7.01 136.68 14.67 -0.07 -0.00 0.01 0.01 10.00 14.67 18.36 0.61 Acceptable
6.63 142.54 14.67 -0.06 -0.01 0.05 0.02 10.00 14.66 23.40 0.55 Acceptable
6.27 148.39 14.66 -0.04 -0.01 0.06 0.03 10.00 14.66 29.60 0.51 Acceptable
6.03 154.25 14.66 -0.02 -0.00 0.07 0.03 10.00 14.66 36.50 0.52 Acceptable
5.94 160.12 14.66 0.01 -0.00 0.07 0.03 10.00 14.66 43.74 0.62 Acceptable
6.01 165.98 14.66 0.04 0.00 0.06 0.03 10.00 14.66 51.00 0.63 Acceptable
6.24 171.84 14.66 0.07 0.00 0.06 0.03 10.00 14.66 58.04 0.65 Acceptable
6.62 177.69 14.66 0.09 0.00 0.05 0.02 10.00 14.67 64.65 0.55 Acceptable
7.14 183.54 14.66 0.11 0.00 0.04 0.02 10.00 14.67 70.69 0.70 Acceptable
