14.00 2.00 14.67 0.00 -0.00 -0.00 -0.00 0.00 14.67 0.00 0.30 Acceptable
14.00 7.87 14.67 -0.00 0.00 0.00 0.00 0.00 14.67 0.00 0.25 Acceptable
14.00 13.73 14.67 -0.00 0.00 0.00 0.00 0.00 14.67 0.00 0.24 Acceptable
14.00 19.60 14.67 -0.00 0.00 0.00 0.00 0.00 14.67 0.00 0.23 Acceptable
14.00 25.47 14.67 -0.00 0.00 0.00 0.00 0.00 14.67 0.00 0.23 Acceptable
14.00 31.33 14.67 -0.00 0.00 -0.00 -0.00 0.00 14.67 0.00 0.26 Acceptable
14.00 37.20 14.67 -0.00 0.00 -0.00 -0.00 0.00 14.67 0.00 0.27 Acceptable
14.00 43.07 14.67 -0.00 -0.66 -0.17 -0.08 6.93 14.35 2.23 0.24 Solved
14.00 48.93 14.40 -0.07 2.00 -0.17 -0.08 9.88 15.61 14.55 0.27 Infeasible
13.60 54.68 15.20 -0.14 -0.37 0.00 0.00 9.06 14.92 0.80 0.23 Acceptable
12.75 60.70 15.05 -0.14 -0.27 0.00 0.00 9.42 14.85 0.59 0.26 Acceptable
11.91 66.66 14.94 -0.14 -0.19 0.00 0.00 9.80 14.80 0.75 0.29 Acceptable
11.08 72.58 14.87 -0.14 -0.14 0.00 0.00 10.00 14.76 1.24 0.22 Acceptable
10.25 78.47 14.81 -0.14 -0.10 0.01 0.00 10.00 14.74 2.07 0.20 Solved
9.44 84.34 14.77 -0.14 -0.07 0.01 0.01 10.00 14.72 3.26 0.26 Acceptable
8.64 90.19 14.74 -0.13 -0.05 0.02 0.01 10.00 14.70 4.86 0.26 Acceptable
7.87 96.04 14.72 -0.12 -0.04 0.02 0.01 10.00 14.69 6.89 0.23 Acceptable
7.15 101.88 14.70 -0.12 -0.03 0.02 0.01 10.00 14.68 9.42 0.24 Acceptable
6.46 107.72 14.69 -0.11 -0.02 0.02 0.01 10.00 14.68 12.50 0.26 Acceptable
5.82 113.57 14.69 -0.10 -0.01 0.02 0.01 10.00 14.68 16.21 0.24 Acceptable
5.22 119.41 14.68 -0.09 -0.01 0.02 0.01 10.00 14.67 20.65 0.24 Acceptable
4.68 125.26 14.68 -0.08 -0.01 0.03 0.01 10.00 14.67 25.91 0.20 Acceptable
4.20 131.11 14.67 -0.07 -0.01 0.03 0.01 10.00 14.67 32.12 0.21 Solved
3.77 136.96 14.67 -0.06 -0.00 0.03 0.01 10.00 14.67 39.43 0.23 Solved
3.41 142.82 14.67 -0.05 -0.00 0.03 0.01 10.00 14.67 48.03 0.22 Solved
3.12 148.68 14.67 -0.04 -0.00 0.03 0.02 10.00 14.67 58.15 0.25 Acceptable
2.90 154.54 14.67 -0.02 -0.00 0.04 0.02 10.00 14.67 70.09 0.20 Solved
2.77 160.41 14.67 -0.01 -0.00 0.04 0.02 10.00 14.67 84.20 0.22 Solved
2.72 166.27 14.67 0.01 -0.00 0.04 0.02 10.00 14.66 100.96 0.20 Solved
2.76 172.14 14.66 0.03 -0.00 0.05 0.02 10.00 14.66 120.99 0.24 Solved
2.91 178.00 14.66 0.05 -0.00 0.06 0.03 10.00 14.66 145.11 0.25 Acceptable
3.18 183.86 14.66 0.07 -0.00 0.07 0.03 10.00 14.66 174.47 0.25 Acceptable
3.58 189.72 14.66 0.09 -0.00 0.08 0.04 10.00 14.66 210.66 0.23 Acceptable
4.14 195.55 14.66 0.13 -0.01 0.09 0.04 10.00 14.66 255.99 0.23 Solved
4.87 201.37 14.66 0.16 -0.01 0.12 0.06 10.00 14.65 313.92 0.26 Acceptable
5.82 207.16 14.65 0.21 -0.03 0.17 0.08 10.00 14.64 389.77 0.26 Acceptable
