32.00 2.00 14.67 0.00 -0.00 0.00 0.00 0.00 14.67 519.84 0.28 Solved
32.00 9.33 14.67 0.00 -0.00 0.00 0.00 0.00 14.67 486.94 0.23 Solved
32.00 16.67 14.67 0.00 -0.00 0.00 0.00 0.00 14.67 455.11 0.22 Solved
32.00 24.00 14.67 0.00 -0.00 0.00 0.00 0.00 14.67 424.36 0.19 Solved
32.00 31.33 14.67 0.00 -0.00 0.00 0.00 0.00 14.67 394.68 0.21 Solved
32.00 38.67 14.67 0.00 0.00 -0.00 -0.00 0.00 14.67 366.08 2.00 Solved
32.00 46.00 14.67 -0.00 0.00 -0.00 -0.00 0.00 14.67 338.56 1.89 Solved
32.00 53.33 14.67 -0.00 0.00 -0.02 -0.01 2.76 14.67 312.12 3.47 Solved
32.00 60.67 14.67 -0.01 0.00 -0.02 -0.01 2.93 14.67 287.14 3.27 Solved
31.92 68.00 14.67 -0.02 0.00 -0.01 -0.01 3.12 14.67 263.84 3.19 Solved
31.77 75.33 14.67 -0.03 0.00 -0.01 -0.00 3.34 14.67 241.97 9.44 Solved
31.57 82.66 14.67 -0.03 -0.03 -0.32 -0.15 49.58 14.66 222.33 9.07 Solved
31.33 89.99 14.65 -0.19 0.01 -0.33 -0.15 59.91 14.67 325.80 19.43 Solved
29.92 97.18 14.66 -0.36 0.01 0.15 0.07 16.69 14.67 639.47 22.34 Solved
27.34 104.04 14.66 -0.29 0.01 0.17 0.08 30.09 14.67 500.46 36.72 Solved
25.28 111.08 14.67 -0.20 0.00 0.09 0.04 33.04 14.67 355.74 40.67 Solved
23.83 118.27 14.67 -0.15 -3.05 0.52 0.24 57.22 13.78 359.72 34.71 Solved
22.70 125.52 13.15 0.11 1.87 0.38 0.16 -38.11 14.66 119.37 40.37 Solved
23.40 132.05 14.08 0.30 0.72 0.26 0.11 -42.90 14.67 243.70 35.16 Solved
25.47 138.79 14.44 0.43 0.28 0.13 0.06 -48.75 14.67 499.39 40.00 Solved
28.46 145.36 14.58 0.49 0.10 0.00 0.00 -55.85 14.67 737.41 35.75 Solved
31.91 151.78 14.63 0.49 0.04 0.00 0.00 -64.39 14.67 852.19 34.63 Solved
35.36 158.23 14.65 0.49 0.01 -0.21 -0.09 -30.00 14.67 1005.57 42.23 Solved
38.83 164.69 14.66 0.39 0.00 -0.22 -0.10 -30.00 14.67 838.80 41.41 Solved
41.60 171.48 14.66 0.28 -0.00 -0.24 -0.11 -30.00 14.66 671.46 39.52 Solved
43.61 178.53 14.66 0.16 -0.00 -0.29 -0.13 -30.00 14.66 494.98 27.95 Solved
