32.00 2.00 14.67 0.00 -0.00 -0.00 -0.00 0.39 14.67 519.84 1.83 Solved
32.00 9.33 14.67 -0.00 -0.00 -0.00 -0.00 0.40 14.67 486.95 5.59 Solved
31.99 16.67 14.67 -0.00 -0.00 -0.00 -0.00 0.42 14.67 455.14 5.20 Solved
31.97 24.00 14.67 -0.00 -0.00 -0.00 -0.00 0.44 14.67 424.42 8.45 Solved
31.94 31.33 14.67 -0.00 0.00 -0.00 -0.00 0.46 14.67 394.78 12.38 Solved
31.90 38.67 14.67 -0.01 0.00 -0.00 -0.00 0.49 14.67 366.20 16.17 Solved
31.86 46.00 14.67 -0.01 0.00 0.00 0.00 0.52 14.67 338.70 21.35 Solved
31.82 53.33 14.67 -0.01 0.00 0.00 0.00 0.55 14.67 312.26 27.63 Solved
31.78 60.67 14.67 -0.01 -0.02 -0.20 -0.09 27.90 14.66 287.28 31.96 Solved
31.73 68.00 14.66 -0.10 0.01 -0.24 -0.11 39.62 14.67 299.91 25.97 Solved
30.97 75.29 14.66 -0.23 0.01 -0.20 -0.09 42.05 14.67 417.97 36.74 Solved
29.32 82.43 14.66 -0.33 0.00 -0.16 -0.07 44.72 14.67 611.52 35.02 Solved
26.96 89.37 14.67 -0.41 0.00 -0.12 -0.06 47.67 14.67 848.73 35.06 Solved
24.04 96.10 14.67 -0.47 0.00 -0.08 -0.04 50.93 14.67 1100.61 41.38 Solved
20.72 102.64 14.67 -0.51 0.00 -0.04 -0.02 54.52 14.67 1341.48 38.18 Solved
17.13 109.04 14.67 -0.53 -0.00 0.00 0.00 58.46 14.67 1549.10 39.01 Solved
13.42 115.36 14.67 -0.53 -0.00 0.00 0.00 62.77 14.67 1704.89 34.83 Solved
9.71 121.68 14.67 -0.53 -0.00 0.18 0.08 30.00 14.67 1890.84 25.29 Solved
6.00 128.01 14.67 -0.44 -0.00 0.18 0.08 30.00 14.67 1667.29 19.49 Solved
2.88 134.65 14.66 -0.35 -0.00 0.17 0.08 30.00 14.67 1476.24 7.75 Solved
0.36 141.53 14.66 -0.27 -0.00 0.17 0.08 30.00 14.67 1309.99 5.03 Solved
-1.57 148.60 14.66 -0.18 -0.00 0.17 0.08 30.00 14.67 1162.11 4.77 Solved
-2.91 155.81 14.66 -0.10 -0.00 0.17 0.08 30.00 14.67 1026.96 4.98 Solved
-3.65 163.11 14.66 -0.02 -0.00 0.17 0.08 30.00 14.67 899.29 5.36 Solved
-3.77 170.44 14.66 0.07 -0.00 0.19 0.09 30.00 14.67 773.88 5.57 Solved
-3.25 177.75 14.66 0.16 -0.00 0.21 0.09 30.00 14.67 645.08 3.40 Solved
-2.05 184.99 14.66 0.27 -0.00 0.24 0.11 30.00 14.66 506.40 0.39 Solved
-0.11 192.06 14.66 0.39 -0.07 0.13 0.06 87.28 14.58 351.77 5.70 Max-Iter
