32.00 2.00 14.67 0.00 -0.00 0.14 0.06 -15.12 14.67 519.98 2.11 Solved
32.00 9.33 14.67 0.07 -0.00 0.11 0.05 -15.76 14.67 502.26 1.89 Solved
32.50 16.65 14.67 0.12 0.00 0.09 0.04 -16.46 14.67 507.60 5.29 Solved
33.41 23.93 14.67 0.17 -0.01 0.36 0.16 -56.62 14.67 525.45 6.74 Solved
34.63 31.16 14.66 0.35 0.01 -0.05 -0.02 -22.11 14.67 819.78 8.31 Solved
37.12 38.05 14.66 0.32 0.00 -0.04 -0.02 -23.21 14.67 764.80 10.87 Solved
39.43 45.01 14.67 0.30 0.00 -0.03 -0.01 -24.42 14.67 722.94 20.12 Solved
41.60 52.02 14.67 0.28 0.00 -0.02 -0.01 -25.75 14.67 694.09 29.43 Solved
43.66 59.05 14.67 0.27 0.00 -0.01 -0.00 -27.22 14.67 678.73 26.61 Solved
45.64 66.11 14.67 0.27 0.00 -0.00 -0.00 -28.85 14.67 678.00 39.40 Solved
47.59 73.18 14.67 0.27 0.00 0.00 0.00 -30.67 14.67 693.90 38.53 Solved
49.54 80.25 14.67 0.27 0.00 -0.00 -0.00 -32.71 14.67 716.25 45.94 Solved
51.50 87.32 14.67 0.27 0.00 -0.00 -0.00 -35.01 14.67 746.07 45.49 Solved
53.45 94.39 14.67 0.27 0.00 -0.00 -0.00 -37.60 14.67 784.64 45.13 Solved
55.40 101.46 14.67 0.27 0.00 -0.00 -0.00 -40.54 14.67 833.53 45.70 Solved
57.35 108.53 14.67 0.27 0.00 -0.00 -0.00 -43.88 14.67 894.71 42.23 Solved
59.30 115.59 14.67 0.27 0.00 0.00 0.00 -47.68 14.67 970.67 37.08 Solved
61.25 122.66 14.67 0.27 0.00 -0.00 -0.00 -51.99 14.67 1064.59 29.59 Solved
63.20 129.73 14.67 0.27 -0.00 -0.13 -0.06 -30.00 14.67 1180.78 24.18 Solved
65.15 136.80 14.67 0.20 -0.00 -0.13 -0.06 -30.00 14.67 1078.77 14.43 Solved
66.64 143.98 14.67 0.14 -0.00 -0.13 -0.06 -30.00 14.67 984.30 7.64 Solved
67.67 151.24 14.66 0.07 -0.00 -0.14 -0.06 -30.00 14.67 894.32 8.14 Solved
68.21 158.55 14.66 0.01 -0.00 -0.14 -0.07 -30.00 14.67 805.81 7.71 Solved
68.26 165.89 14.66 -0.07 -0.00 -0.16 -0.07 -30.00 14.67 715.45 3.11 Solved
67.77 173.20 14.66 -0.14 -0.00 -0.17 -0.08 -30.00 14.67 619.44 3.11 Solved
66.72 180.46 14.66 -0.23 -0.00 -0.20 -0.09 -30.00 14.67 513.10 1.67 Solved
65.05 187.60 14.66 -0.33 -0.00 -0.24 -0.11 -30.00 14.66 390.84 1.52 Solved
