14.00 2.00 14.67 0.00 -0.00 0.00 0.00 0.00 14.67 228.00 0.58 Solved
14.00 7.87 14.67 0.00 0.00 0.00 0.00 -0.00 14.67 222.13 0.52 Solved
14.00 13.73 14.67 0.00 -0.00 0.00 0.00 -0.00 14.67 216.27 0.69 Solved
14.00 19.60 14.67 0.00 -0.00 0.00 0.00 -0.00 14.67 210.40 0.64 Solved
14.00 25.47 14.67 0.00 -0.00 -0.00 -0.00 -0.00 14.67 204.53 0.53 Solved
14.00 31.33 14.67 0.00 -0.15 -0.08 -0.03 4.83 14.57 199.11 0.57 Solved
14.00 37.20 14.61 -0.03 1.69 -0.17 -0.08 10.00 15.81 207.87 0.19 Solved
13.82 43.04 15.28 -0.10 -0.49 0.00 0.00 6.88 14.81 188.10 0.67 Solved
13.21 49.12 15.09 -0.10 -0.33 0.00 0.00 7.15 14.76 181.47 0.52 Solved
12.61 55.13 14.95 -0.10 -0.23 0.00 0.00 7.44 14.73 175.33 0.51 Solved
12.01 61.08 14.86 -0.10 -0.16 -0.00 -0.00 7.75 14.71 169.50 0.53 Solved
11.42 66.99 14.80 -0.10 -0.11 -0.00 -0.00 8.09 14.70 163.90 0.52 Solved
10.83 72.88 14.76 -0.10 -0.07 0.00 0.00 8.46 14.69 158.51 0.56 Solved
10.24 78.76 14.73 -0.10 -0.05 0.00 0.00 8.87 14.68 153.33 0.48 Solved
9.65 84.62 14.71 -0.10 -0.03 0.00 0.00 9.31 14.68 148.38 0.56 Solved
9.07 90.47 14.70 -0.10 -0.02 -0.00 -0.00 9.80 14.67 143.72 0.53 Solved
8.48 96.32 14.69 -0.10 -0.02 0.00 0.00 10.00 14.67 139.38 0.40 Solved
7.89 102.17 14.68 -0.10 -0.01 0.01 0.00 10.00 14.67 135.46 0.49 Solved
7.32 108.01 14.68 -0.10 -0.01 0.01 0.01 10.00 14.67 132.03 0.50 Solved
6.75 113.86 14.67 -0.09 -0.01 0.01 0.01 10.00 14.67 129.14 0.52 Solved
6.22 119.70 14.67 -0.09 -0.00 0.02 0.01 10.00 14.67 126.90 0.49 Solved
5.72 125.55 14.67 -0.08 -0.00 0.02 0.01 10.00 14.67 125.38 0.48 Solved
5.26 131.40 14.67 -0.07 -0.00 0.02 0.01 10.00 14.67 124.71 0.50 Solved
4.85 137.25 14.67 -0.06 -0.00 0.03 0.01 10.00 14.67 125.01 0.54 Solved
4.50 143.11 14.67 -0.05 -0.00 0.03 0.01 10.00 14.67 126.44 0.56 Solved
4.21 148.97 14.67 -0.04 -0.00 0.03 0.02 10.00 14.67 129.19 0.52 Solved
3.99 154.83 14.67 -0.02 -0.00 0.04 0.02 10.00 14.66 133.49 0.51 Solved
3.85 160.69 14.66 -0.01 -0.00 0.04 0.02 10.00 14.66 139.61 0.55 Solved
3.80 166.56 14.66 0.01 -0.00 0.05 0.02 10.00 14.66 147.91 0.50 Solved
3.84 172.42 14.66 0.03 -0.00 0.05 0.02 10.00 14.66 158.82 0.57 Solved
4.00 178.29 14.66 0.05 -0.00 0.06 0.03 10.00 14.66 172.84 0.59 Solved
4.28 184.14 14.66 0.07 -0.00 0.07 0.03 10.00 14.66 190.63 0.63 Solved
4.70 189.99 14.66 0.10 -0.01 0.09 0.04 10.00 14.66 212.92 0.62 Solved
5.29 195.83 14.66 0.14 -0.01 0.11 0.05 10.00 14.65 240.42 0.58 Acceptable
