32.00 2.00 14.67 0.00 0.00 0.11 0.05 -12.69 14.67 519.94 3.75 Solved
32.00 9.33 14.67 0.05 0.00 0.09 0.04 -13.23 14.67 496.58 3.97 Solved
32.40 16.66 14.67 0.10 0.00 0.07 0.03 -13.82 14.67 488.48 3.72 Solved
33.12 23.95 14.67 0.13 0.00 0.05 0.02 -14.47 14.67 488.90 3.33 Solved
34.10 31.22 14.67 0.16 -0.00 0.04 0.02 -15.17 14.67 492.09 3.47 Solved
35.28 38.46 14.67 0.18 -0.00 0.02 0.01 -15.95 14.67 493.23 5.56 Solved
36.59 45.68 14.67 0.19 -0.00 -0.00 -0.00 -16.80 14.67 488.50 12.67 Solved
37.96 52.88 14.67 0.19 -0.00 0.00 0.00 -17.76 14.67 475.06 16.83 Solved
39.33 60.09 14.67 0.19 -0.00 -0.00 -0.00 -18.82 14.67 464.30 26.28 Solved
40.69 67.29 14.67 0.19 -0.00 0.00 0.00 -20.01 14.67 456.53 25.44 Solved
42.06 74.50 14.67 0.19 -0.00 0.00 0.00 -21.36 14.67 452.08 25.15 Solved
43.43 81.70 14.67 0.19 -0.00 -0.00 -0.00 -22.88 14.67 451.40 31.03 Solved
44.80 88.90 14.67 0.19 -0.00 0.00 0.00 -24.63 14.67 455.03 31.07 Solved
46.17 96.11 14.67 0.19 0.00 0.04 0.02 -32.35 14.67 463.69 34.18 Solved
47.54 103.31 14.67 0.21 0.00 0.04 0.02 -35.10 14.67 523.67 31.15 Solved
49.07 110.49 14.67 0.23 0.00 0.03 0.01 -38.28 14.67 593.33 42.19 Solved
50.72 117.63 14.67 0.24 0.00 0.02 0.01 -41.98 14.67 673.15 34.12 Solved
52.48 124.75 14.67 0.25 -0.00 0.01 0.01 -46.31 14.67 764.12 28.36 Solved
54.31 131.85 14.67 0.26 -0.00 0.01 0.00 -51.36 14.67 867.80 27.06 Solved
56.19 138.94 14.67 0.26 -0.00 0.00 0.00 -57.23 14.67 986.59 25.81 Solved
58.10 146.02 14.67 0.26 -0.00 0.00 0.00 -63.99 14.67 1123.90 25.47 Solved
60.01 153.10 14.67 0.26 -0.00 -0.20 -0.09 -30.00 14.67 1299.50 25.25 Solved
61.92 160.18 14.66 0.16 -0.00 -0.20 -0.09 -30.00 14.67 1117.35 15.17 Solved
63.11 167.42 14.66 0.06 -0.00 -0.21 -0.10 -30.00 14.67 947.57 15.34 Solved
63.56 174.73 14.66 -0.04 -0.00 -0.23 -0.10 -30.00 14.67 782.48 8.25 Solved
63.24 182.06 14.66 -0.16 -0.00 -0.26 -0.12 -30.00 14.66 613.92 5.44 Solved
62.09 189.30 14.66 -0.28 -0.00 -0.31 -0.14 -30.00 14.66 433.42 3.63 Solved
