14.00 2.00 14.67 0.00 -0.00 -0.00 -0.00 -0.00 14.67 519.84 7.58 Solved
14.01 7.87 14.67 0.00 -0.17 0.07 0.03 -6.75 14.58 548.36 5.74 Restoration-Phase
14.01 13.73 14.60 0.03 -0.04 0.23 0.10 -23.13 14.62 910.09 6.36 Solved
14.18 19.57 14.59 0.12 0.09 0.19 0.09 -26.36 14.68 758.01 6.51 Solved
14.88 25.36 14.62 0.20 0.06 0.16 0.07 -27.26 14.67 608.65 7.93 Acceptable
16.04 31.10 14.65 0.26 0.04 0.13 0.06 -28.22 14.67 499.18 7.79 Acceptable
17.56 36.75 14.66 0.31 0.03 0.10 0.04 -29.24 14.67 422.61 6.80 Solved
19.38 42.33 14.67 0.35 0.01 0.07 0.03 -30.00 14.67 372.23 6.40 Solved
21.41 47.84 14.68 0.38 0.00 0.03 0.01 -30.00 14.67 342.63 6.93 Acceptable
23.58 53.29 14.68 0.39 -0.02 -0.02 -0.01 -30.00 14.67 327.78 6.57 Solved
25.83 58.72 14.67 0.39 -0.01 -0.02 -0.01 -30.00 14.67 319.03 6.97 Solved
28.04 64.16 14.67 0.38 -0.01 -0.03 -0.01 -30.00 14.67 313.31 8.06 Solved
30.19 69.61 14.67 0.37 -0.81 0.24 0.11 -30.00 14.23 1387.76 5.70 Restoration-Phase
32.29 75.09 14.34 0.46 -0.21 0.40 0.18 -30.00 14.31 3005.50 7.17 Solved
34.86 80.22 14.26 0.62 0.27 0.34 0.15 -30.00 14.45 3254.30 6.46 Solved
38.19 84.85 14.37 0.76 0.41 0.13 0.06 -30.00 14.60 2769.29 5.30 Restoration-Phase
42.15 89.01 14.53 0.81 0.27 -0.07 -0.03 -30.00 14.67 2289.36 10.79 Acceptable
46.37 93.01 14.64 0.78 0.05 -0.17 -0.08 -30.00 14.65 2011.23 8.04 Solved
50.51 97.16 14.66 0.71 -0.04 -0.21 -0.10 -30.00 14.64 1842.41 6.79 Solved
54.35 101.58 14.64 0.63 -0.03 -0.24 -0.11 -30.00 14.64 1694.89 7.52 Solved
57.80 106.32 14.63 0.53 -0.01 -0.23 -0.10 -30.00 14.65 1544.49 8.31 Solved
60.78 111.36 14.63 0.44 -0.00 -0.21 -0.09 -30.00 14.65 1437.09 8.36 Solved
63.28 116.64 14.63 0.36 0.00 -0.19 -0.09 -30.00 14.65 1378.02 6.95 Solved
65.34 122.12 14.63 0.28 0.00 -0.18 -0.08 -30.00 14.65 1357.69 7.57 Solved
66.97 127.74 14.63 0.21 0.00 -0.16 -0.07 -30.00 14.65 1369.05 7.07 Solved
68.21 133.46 14.63 0.15 0.00 -0.16 -0.07 -30.00 14.65 1407.07 7.54 Solved
69.06 139.25 14.63 0.08 0.00 -0.15 -0.07 -30.00 14.65 1468.30 6.63 Solved
69.55 145.08 14.63 0.03 0.00 -0.14 -0.06 -30.00 14.65 1550.49 6.95 Solved
69.70 150.93 14.63 -0.03 0.00 -0.14 -0.06 -30.00 14.65 1652.46 7.57 Solved
69.51 156.78 14.63 -0.09 -0.00 -0.14 -0.06 -30.00 14.65 1773.86 6.77 Solved
69.00 162.61 14.63 -0.14 -0.00 -0.14 -0.06 -30.00 14.65 1915.13 6.98 Solved
68.17 168.41 14.63 -0.20 -0.01 -0.14 -0.06 -30.00 14.65 2077.47 7.74 Solved
67.01 174.14 14.63 -0.25 -0.01 -0.14 -0.07 -30.00 14.64 2262.86 7.18 Solved
65.54 179.81 14.63 -0.31 -0.01 -0.15 -0.07 -30.00 14.64 2474.26 5.50 Acceptable
63.75 185.37 14.62 -0.37 -0.02 -0.16 -0.07 -30.00 14.64 2715.80 6.87 Solved
61.62 190.82 14.61 -0.44 -1.58 -0.15 -0.07 -30.00 13.22 3375.20 7.40 Solved
59.14 196.12 13.98 -0.50 -2.00 -0.15 -0.06 -30.00 11.92 4173.87 7.34 Acceptable
56.48 201.03 13.18 -0.56 -2.00 -0.14 -0.06 -30.00 10.75 4879.92 7.36 Acceptable
53.69 205.51 12.38 -0.61 -2.00 -0.14 -0.05 -30.00 9.70 5535.18 6.74 Solved
50.85 209.57 11.58 -0.67 -2.00 -0.14 -0.05 -30.00 8.75 6096.74 8.68 Solved
47.97 213.20 10.78 -0.72 -2.00 -0.14 -0.05 -30.00 7.89 6538.47 6.77 Acceptable
45.12 216.43 9.98 -0.78 -2.00 -0.14 -0.04 -30.00 7.10 6859.54 7.04 Solved
42.31 219.27 9.18 -0.84 -2.00 -0.14 -0.04 -30.00 6.39 7077.35 6.66 Solved
39.58 221.73 8.38 -0.90 -2.00 -0.14 -0.04 -30.00 5.73 7221.25 9.23 Solved
36.96 223.83 7.58 -0.95 -2.00 -0.14 -0.03 -30.00 5.14 7327.37 8.64 Solved
34.49 225.58 6.78 -1.01 -2.00 -0.14 -0.03 -30.00 4.60 7425.25 7.60 Solved
32.19 227.03 5.98 -1.07 -2.00 -0.14 -0.03 -30.00 4.11 7542.18 7.48 Solved
30.09 228.18 5.18 -1.12 -1.78 -0.13 -0.02 -30.00 3.67 7702.51 7.39 Solved
28.22 229.08 4.47 -1.18 -1.44 -0.13 -0.02 -30.00 3.28 7957.16 9.52 Solved
26.57 229.76 3.90 -1.23 -1.21 -0.13 -0.02 -30.00 2.93 8304.37 7.90 Solved
25.10 230.29 3.41 -1.28 -1.04 -0.12 -0.01 -30.00 2.61 72415.01 7.22 Solved
23.79 230.68 3.00 -1.33 -0.91 -0.12 -0.01 -30.00 2.32 71007.99 5.49 Restoration-Phase
