32.00 2.00 14.67 0.00 0.00 0.00 0.00 -0.00 14.67 519.84 1.99 Solved
32.00 9.33 14.67 0.00 0.00 0.00 0.00 -0.00 14.67 486.94 1.90 Solved
32.00 16.67 14.67 0.00 -0.00 -0.00 -0.00 -0.00 14.67 455.11 3.77 Solved
32.00 24.00 14.67 0.00 0.00 0.00 0.00 -0.00 14.67 424.36 14.03 Solved
32.00 31.33 14.67 0.00 -0.00 0.00 0.00 -0.00 14.67 394.68 21.17 Solved
32.00 38.67 14.67 0.00 -0.01 0.32 0.14 -39.05 14.67 366.94 18.19 Solved
32.00 46.00 14.66 0.16 0.00 -0.12 -0.06 0.89 14.67 420.61 14.81 Solved
33.15 53.24 14.66 0.10 0.00 -0.10 -0.05 0.94 14.67 347.06 15.08 Solved
33.86 60.54 14.67 0.05 0.00 -0.07 -0.03 1.00 14.67 298.01 24.33 Solved
34.20 67.86 14.67 0.01 0.00 -0.05 -0.02 1.06 14.67 264.60 29.04 Solved
34.26 75.20 14.67 -0.02 0.00 -0.02 -0.01 1.14 14.67 239.70 32.05 Solved
34.15 82.53 14.67 -0.03 -0.00 0.05 0.02 -5.03 14.67 218.18 33.15 Solved
33.94 89.86 14.66 -0.01 0.00 0.10 0.05 -14.23 14.67 196.75 33.00 Solved
33.90 97.19 14.67 0.04 0.00 0.08 0.04 -15.49 14.67 187.76 29.12 Solved
34.22 104.52 14.67 0.09 0.00 0.07 0.03 -16.98 14.67 192.66 38.32 Solved
34.85 111.82 14.67 0.12 0.00 0.05 0.02 -18.77 14.67 206.77 40.68 Solved
35.72 119.11 14.67 0.14 0.00 0.03 0.02 -20.97 14.67 226.02 43.67 Solved
36.77 126.36 14.67 0.16 -0.00 0.02 0.01 -23.73 14.67 246.92 34.22 Solved
37.94 133.60 14.67 0.17 -0.00 0.00 0.00 -27.25 14.67 266.56 25.92 Solved
39.16 140.83 14.67 0.17 -0.00 -0.00 -0.00 -31.87 14.67 282.61 19.85 Solved
40.39 148.06 14.67 0.17 -0.00 -0.03 -0.02 -30.00 14.67 307.73 11.50 Solved
41.62 155.29 14.67 0.15 -0.00 -0.06 -0.03 -30.00 14.67 312.75 11.15 Solved
42.72 162.54 14.67 0.12 -0.00 -0.09 -0.04 -30.00 14.67 302.71 7.84 Solved
43.61 169.82 14.67 0.08 -0.00 -0.12 -0.06 -30.00 14.67 274.23 8.67 Solved
44.18 177.13 14.66 0.02 -0.00 -0.17 -0.08 -30.00 14.67 223.35 7.89 Solved
