32.00 2.00 14.67 0.00 0.00 0.00 0.00 -0.00 14.67 519.84 2.11 Solved
32.00 9.33 14.67 0.00 -0.00 -0.00 -0.00 0.00 14.67 486.94 3.94 Solved
32.00 16.67 14.67 0.00 -0.00 -0.06 -0.03 7.31 14.67 455.14 3.02 Solved
32.00 24.00 14.67 -0.03 -0.00 -0.05 -0.02 7.65 14.67 427.43 9.24 Solved
31.78 31.33 14.67 -0.06 -0.04 -0.24 -0.11 40.20 14.65 406.06 10.04 Solved
31.37 38.65 14.65 -0.18 0.02 -0.33 -0.15 53.54 14.67 471.47 9.56 Solved
30.09 45.86 14.66 -0.34 0.01 0.14 0.06 12.76 14.67 744.61 13.50 Solved
27.64 52.77 14.66 -0.27 0.00 0.11 0.05 13.49 14.67 601.96 11.06 Solved
25.68 59.83 14.67 -0.22 0.00 0.08 0.04 14.31 14.67 499.86 18.40 Solved
24.11 66.99 14.67 -0.17 0.00 0.06 0.03 15.23 14.67 428.61 28.36 Solved
22.84 74.22 14.67 -0.15 0.00 0.03 0.01 16.27 14.67 381.33 27.96 Solved
21.77 81.47 14.67 -0.13 -0.00 -0.00 -0.00 17.45 14.67 354.29 26.21 Solved
20.80 88.74 14.67 -0.13 -0.00 -0.00 -0.00 18.82 14.67 347.42 26.02 Solved
19.84 96.01 14.67 -0.13 -0.00 0.00 0.00 20.41 14.67 343.93 29.54 Solved
18.87 103.28 14.67 -0.13 -0.00 -0.00 -0.00 22.28 14.67 344.36 34.80 Solved
17.90 110.55 14.67 -0.13 -0.00 0.00 0.00 24.50 14.67 349.39 38.92 Solved
16.93 117.82 14.67 -0.13 -0.00 -0.00 -0.00 27.18 14.67 359.93 45.76 Solved
15.97 125.09 14.67 -0.13 -0.00 0.02 0.01 26.87 14.67 377.20 28.92 Solved
15.00 132.36 14.67 -0.12 -0.00 0.02 0.01 30.55 14.67 379.10 24.97 Solved
14.12 139.64 14.67 -0.11 -0.00 0.02 0.01 35.26 14.67 390.96 24.25 Solved
13.32 146.93 14.67 -0.10 0.00 0.01 0.01 41.40 14.67 415.36 18.63 Solved
12.57 154.22 14.67 -0.10 0.00 0.01 0.00 49.48 14.67 456.20 16.68 Solved
11.87 161.52 14.67 -0.09 0.00 0.00 0.00 60.11 14.67 519.42 12.98 Solved
11.20 168.82 14.67 -0.09 0.00 -0.00 -0.00 73.57 14.67 614.27 11.36 Solved
10.54 176.13 14.67 -0.09 0.00 0.00 0.00 89.13 14.67 755.48 7.14 Solved
9.88 183.43 14.67 -0.09 -0.02 0.40 0.18 30.00 14.66 961.73 5.61 Solved
