32.00 2.00 14.67 0.00 -0.00 0.00 0.00 0.00 14.67 519.84 0.25 Solved
32.00 9.33 14.67 0.00 0.00 -0.00 -0.00 0.00 14.67 486.94 2.07 Solved
32.00 16.67 14.67 -0.00 -0.00 -0.11 -0.05 13.34 14.67 455.21 1.70 Solved
32.00 24.00 14.67 -0.06 -0.01 0.25 0.11 -22.08 14.67 434.77 2.22 Solved
31.60 31.32 14.66 0.07 -0.00 0.20 0.09 -23.14 14.67 409.29 3.02 Solved
32.09 38.64 14.66 0.17 0.00 0.15 0.07 -24.29 14.67 460.10 5.04 Solved
33.32 45.86 14.66 0.24 -0.01 0.14 0.06 -4.16 14.66 548.16 5.17 Solved
35.10 52.97 14.66 0.31 0.02 0.06 0.03 -43.61 14.67 671.16 10.41 Solved
37.35 59.95 14.67 0.34 0.01 0.07 0.03 -45.88 14.67 744.90 9.22 Solved
39.81 66.86 14.67 0.37 0.00 0.08 0.04 -48.34 14.67 853.05 10.32 Solved
42.49 73.69 14.67 0.41 0.00 0.09 0.04 -51.01 14.67 1006.73 14.83 Solved
45.45 80.40 14.67 0.46 -0.00 0.11 0.05 -53.89 14.67 1220.73 14.25 Solved
48.71 86.97 14.67 0.51 -0.00 0.12 0.06 -57.00 14.67 1514.59 14.85 Solved
52.32 93.36 14.67 0.58 -0.01 -0.00 -0.00 -60.35 14.67 1913.80 21.45 Solved
56.32 99.51 14.67 0.58 -0.00 -0.00 -0.00 -63.94 14.67 2077.82 32.92 Solved
60.32 105.66 14.67 0.58 -0.00 -0.19 -0.09 -30.00 14.67 2268.33 30.25 Solved
64.32 111.80 14.67 0.48 -0.00 -0.17 -0.08 -30.00 14.67 1998.44 32.13 Solved
67.73 118.30 14.67 0.40 -0.00 -0.16 -0.07 -30.00 14.67 1772.79 31.36 Solved
70.56 125.06 14.66 0.31 -0.00 -0.16 -0.07 -30.00 14.67 1581.82 36.85 Solved
72.82 132.03 14.66 0.24 -0.00 -0.15 -0.07 -30.00 14.67 1417.88 26.10 Solved
74.53 139.16 14.66 0.16 -0.00 -0.15 -0.07 -30.00 14.67 1274.73 21.24 Solved
75.70 146.40 14.66 0.09 -0.00 -0.15 -0.07 -30.00 14.67 1147.17 20.60 Solved
76.33 153.71 14.66 0.01 -0.00 -0.15 -0.07 -30.00 14.67 1030.67 19.73 Solved
76.42 161.04 14.66 -0.06 -0.00 -0.15 -0.07 -30.00 14.67 921.11 20.35 Solved
75.97 168.36 14.66 -0.14 -0.00 -0.16 -0.07 -30.00 14.67 814.40 15.80 Solved
74.95 175.62 14.66 -0.22 -0.00 -0.18 -0.08 -30.00 14.67 706.23 11.74 Solved
73.34 182.77 14.66 -0.31 -0.00 -0.20 -0.09 -30.00 14.67 591.66 7.77 Solved
71.11 189.76 14.66 -0.41 -0.00 -0.23 -0.11 -30.00 14.66 464.86 8.50 Solved
68.20 196.49 14.66 -0.52 -0.40 -0.05 -0.02 117.03 14.76 324.16 98.97 Max-Iter
