32.00 2.00 14.67 0.00 -0.00 0.00 0.00 -0.00 14.67 519.84 1.92 Solved
32.00 9.33 14.67 0.00 -0.00 0.00 0.00 -0.00 14.67 486.94 1.96 Solved
32.00 16.67 14.67 0.00 0.00 -0.00 -0.00 -0.00 14.67 455.11 1.90 Solved
32.00 24.00 14.67 0.00 -0.00 0.00 0.00 -0.00 14.67 424.36 1.76 Solved
32.00 31.33 14.67 0.00 0.00 0.00 0.00 -0.00 14.67 394.68 1.69 Solved
32.00 38.67 14.67 0.00 0.00 0.00 0.00 -0.00 14.67 366.08 3.47 Solved
32.00 46.00 14.67 0.00 -0.00 -0.00 -0.00 -0.00 14.67 338.56 3.62 Solved
32.00 53.33 14.67 0.00 -0.00 -0.00 -0.00 -0.00 14.67 312.11 6.64 Solved
32.00 60.67 14.67 0.00 0.00 -0.00 -0.00 0.00 14.67 286.74 13.53 Solved
32.00 68.00 14.67 -0.00 0.00 -0.02 -0.01 2.48 14.67 262.44 13.40 Solved
32.00 75.33 14.67 -0.01 0.00 -0.02 -0.01 2.66 14.67 239.52 20.29 Solved
31.93 82.67 14.67 -0.02 -0.01 -0.24 -0.11 35.07 14.66 218.68 26.24 Solved
31.80 90.00 14.66 -0.14 0.01 0.09 0.04 0.65 14.67 261.20 27.70 Solved
30.78 97.26 14.67 -0.09 0.00 0.07 0.03 0.71 14.67 211.78 31.72 Solved
30.09 104.56 14.67 -0.06 0.00 0.06 0.03 0.78 14.67 174.95 28.40 Solved
29.66 111.88 14.67 -0.03 0.00 0.04 0.02 0.86 14.67 147.18 36.59 Solved
29.46 119.21 14.67 -0.01 -0.00 0.11 0.05 -13.94 14.67 125.71 37.05 Solved
29.41 126.54 14.67 0.05 0.00 0.09 0.04 -17.35 14.67 109.00 31.78 Solved
29.77 133.87 14.67 0.09 0.00 0.08 0.03 -20.08 14.67 109.31 31.33 Solved
30.46 141.17 14.67 0.13 0.00 0.06 0.03 -23.75 14.67 122.90 29.96 Solved
31.43 148.44 14.67 0.16 0.00 0.05 0.02 -28.94 14.67 146.97 32.77 Solved
32.63 155.67 14.67 0.19 -0.00 0.03 0.01 -36.65 14.67 179.65 31.69 Solved
33.98 162.88 14.67 0.20 -0.00 0.02 0.01 -48.64 14.67 220.14 29.19 Solved
35.45 170.07 14.67 0.21 -0.00 -0.00 -0.00 -67.39 14.67 269.07 23.90 Solved
36.97 177.24 14.67 0.21 -0.00 -0.01 -0.01 -90.00 14.67 329.23 19.40 Solved
38.49 184.41 14.67 0.20 -0.38 0.02 0.01 -93.82 14.31 413.29 140.80 Max-Iter
39.97 191.60 14.48 0.21 -3.00 -0.08 -0.04 118.80 13.31 688.86 136.93 Max-Iter
41.51 198.67 12.98 0.17 -3.83 -0.50 -0.20 133.67 13.07 946.64 136.76 Max-Iter
42.62 205.06 11.06 -0.08 -4.51 -0.50 -0.17 44.18 8.76 1143.20 63.57 Max-Iter
