32.00 2.00 14.67 0.00 -0.00 -0.04 -0.02 5.14 14.67 519.86 3.59 Solved
32.00 9.33 14.67 -0.02 0.00 -0.06 -0.03 8.67 14.67 488.49 3.90 Solved
31.84 16.66 14.67 -0.05 0.00 -0.05 -0.02 9.06 14.67 464.03 3.85 Solved
31.47 23.99 14.67 -0.08 0.00 -0.04 -0.02 9.48 14.67 444.72 3.04 Solved
30.91 31.30 14.67 -0.10 0.00 -0.03 -0.01 9.95 14.67 428.50 5.61 Solved
30.21 38.60 14.67 -0.11 -0.01 -0.19 -0.09 33.41 14.66 413.91 10.34 Solved
29.40 45.89 14.66 -0.21 0.01 -0.19 -0.08 39.66 14.67 498.03 9.06 Solved
27.90 53.07 14.67 -0.30 0.00 -0.15 -0.07 41.67 14.67 653.17 12.24 Solved
25.74 60.07 14.67 -0.38 0.00 -0.12 -0.06 43.85 14.67 847.32 12.95 Solved
23.05 66.90 14.67 -0.44 0.00 -0.09 -0.04 46.22 14.67 1060.11 12.95 Solved
19.95 73.54 14.67 -0.48 0.00 -0.06 -0.03 48.79 14.67 1273.38 15.24 Solved
16.55 80.04 14.67 -0.51 -0.00 -0.03 -0.01 51.58 14.67 1471.13 16.35 Solved
12.95 86.43 14.67 -0.53 -0.00 0.00 0.00 54.61 14.67 1639.51 14.95 Solved
9.25 92.76 14.67 -0.53 -0.00 -0.00 -0.00 57.88 14.67 1766.77 24.41 Solved
5.56 99.10 14.67 -0.53 -0.00 0.15 0.07 30.00 14.67 1915.42 26.64 Solved
1.87 105.43 14.67 -0.45 -0.00 0.15 0.07 30.00 14.67 1718.82 20.51 Solved
-1.33 112.03 14.67 -0.38 -0.00 0.14 0.06 30.00 14.67 1551.98 20.77 Solved
-4.04 118.85 14.67 -0.31 -0.00 0.13 0.06 30.00 14.67 1408.56 16.94 Solved
-6.26 125.84 14.67 -0.24 -0.00 0.13 0.06 30.00 14.67 1283.44 24.17 Solved
-8.02 132.95 14.67 -0.18 -0.00 0.13 0.06 30.00 14.67 1172.40 27.75 Solved
-9.32 140.17 14.67 -0.11 -0.00 0.13 0.06 30.00 14.67 1071.82 28.65 Solved
-10.15 147.46 14.67 -0.05 -0.00 0.13 0.06 30.00 14.67 978.52 28.05 Solved
-10.51 154.78 14.66 0.02 -0.00 0.14 0.06 30.00 14.67 889.50 19.95 Solved
-10.39 162.11 14.66 0.08 -0.00 0.14 0.07 30.00 14.67 801.74 11.22 Solved
-9.78 169.42 14.66 0.16 -0.00 0.16 0.07 30.00 14.67 711.98 11.89 Solved
-8.63 176.66 14.66 0.23 -0.00 0.17 0.08 30.00 14.67 616.42 12.28 Solved
-6.94 183.79 14.66 0.32 -0.00 0.20 0.09 30.00 14.67 510.40 8.31 Solved
-4.63 190.75 14.66 0.42 -0.00 0.24 0.11 30.00 14.66 388.33 7.91 Solved
