14.00 2.00 14.67 0.00 0.00 0.00 0.00 0.00 14.67 519.84 0.24 Solved
14.00 9.33 14.67 0.00 -0.00 0.00 0.00 0.00 14.67 486.94 0.22 Solved
14.00 16.67 14.67 0.00 0.00 0.00 0.00 0.00 14.67 455.11 0.20 Solved
14.00 24.00 14.67 0.00 -0.00 0.00 0.00 0.00 14.67 424.36 0.18 Solved
14.00 31.33 14.67 0.00 0.00 -0.00 -0.00 0.00 14.67 394.68 1.83 Solved
14.00 38.67 14.67 -0.00 -0.00 -0.02 -0.01 1.90 14.67 366.09 1.57 Solved
14.00 46.00 14.67 -0.01 -0.00 -0.09 -0.04 11.74 14.67 338.82 1.62 Solved
13.94 53.33 14.67 -0.05 0.00 -0.07 -0.03 12.42 14.67 321.29 3.60 Solved
13.56 60.66 14.67 -0.09 0.00 -0.06 -0.03 13.18 14.67 314.83 6.51 Solved
12.90 67.96 14.67 -0.12 0.00 -0.04 -0.02 14.04 14.67 315.13 6.12 Solved
12.03 75.24 14.67 -0.14 0.00 -0.03 -0.01 15.02 14.67 318.36 19.57 Solved
10.99 82.50 14.67 -0.16 -0.04 -0.23 -0.11 51.41 14.66 321.83 21.95 Solved
9.84 89.74 14.65 -0.27 -1.86 0.52 0.24 81.49 14.04 532.90 25.15 Solved
7.85 96.79 13.72 -0.01 -6.00 -0.52 -0.22 -0.06 10.95 609.56 16.54 Solved
7.77 103.65 10.72 -0.27 -1.66 0.41 0.14 90.00 11.76 879.08 19.84 Solved
6.32 108.81 9.89 -0.07 -3.34 -0.26 -0.08 90.00 10.79 814.69 15.75 Solved
5.98 113.74 8.21 -0.20 -2.72 -0.32 -0.08 90.00 9.61 1247.80 14.75 Solved
5.18 117.77 6.85 -0.36 -2.19 -0.31 -0.07 90.00 8.63 1895.68 15.81 Solved
3.98 120.97 5.76 -0.51 -2.89 -0.26 -0.05 90.00 8.07 2715.87 14.98 Solved
2.56 123.48 4.31 -0.64 -1.46 -0.38 -0.05 90.00 7.36 3580.49 14.78 Solved
1.27 125.21 3.59 -0.83 -1.05 -0.38 -0.04 88.63 6.76 4906.78 20.06 Solved
-0.05 126.42 3.06 -1.02 -1.55 -0.52 -0.05 84.98 6.31 6504.41 15.46 Solved
-1.36 127.21 2.28 -1.29 -1.16 -0.52 -0.04 80.78 5.94 8989.09 16.17 Solved
-2.46 127.53 1.70 -1.55 0.28 -0.52 -0.03 74.43 5.38 11904.55 20.48 Solved
-3.31 127.55 1.84 -1.81 0.94 -0.52 -0.03 69.13 5.04 15244.81 19.29 Solved
-4.20 127.33 2.31 -2.07 0.28 -0.17 -0.01 62.29 4.85 19058.70 15.02 Solved
-5.22 126.78 2.45 -2.16 -0.31 0.32 0.02 53.16 4.53 20550.07 17.75 Solved
-6.24 126.10 2.30 -2.00 -1.59 0.16 0.01 48.44 4.46 18417.83 13.86 Solved
-7.29 125.63 1.50 -1.91 -0.57 0.37 0.02 48.67 4.26 17489.28 18.15 Solved
-7.99 125.38 1.22 -1.73 -0.39 0.34 0.01 48.84 4.11 15162.15 14.90 Solved
-8.60 125.28 1.02 -1.56 -0.94 0.33 0.01 52.61 4.08 13215.12 16.97 Solved
-9.11 125.29 0.55 -1.39 -0.72 0.52 0.01 54.55 4.05 11481.34 16.69 Solved
-9.38 125.34 0.19 -1.13 -5.06 0.15 0.00 47.39 0.36 10258.24 239.07 Max-Iter
