14.00 2.00 14.67 0.00 -1.13 0.01 0.00 -60.00 13.35 538.31 1.04 Max-Iter
14.00 9.33 14.10 0.01 -1.99 0.09 0.04 -57.68 11.73 651.70 0.87 Max-Iter
14.04 16.38 13.10 0.05 0.74 0.29 0.12 -59.51 14.82 960.34 0.86 Max-Iter
14.37 22.93 13.47 0.19 0.46 0.15 0.06 -60.00 14.61 822.46 1.69 Max-Iter
15.67 29.53 13.70 0.27 0.12 0.05 0.02 -60.00 13.74 849.64 1.72 Max-Iter
17.51 36.14 13.76 0.30 -1.80 0.03 0.01 -60.00 11.74 956.81 1.70 Max-Iter
19.51 42.72 12.87 0.31 -0.72 0.07 0.03 -60.02 11.73 1263.93 1.71 Max-Iter
21.46 48.85 12.51 0.34 1.31 0.06 0.02 -59.98 15.24 1366.37 2.87 Max-Iter
23.57 54.74 13.16 0.37 0.55 -0.02 -0.01 -60.00 14.21 1219.27 2.89 Max-Iter
25.95 60.87 13.44 0.36 -0.88 -0.06 -0.03 -60.00 12.43 1212.71 2.87 Max-Iter
28.34 67.15 13.00 0.33 -1.98 0.11 0.04 -57.67 11.74 1573.21 2.89 Max-Iter
30.46 73.29 12.01 0.39 -0.41 0.35 0.13 -59.64 11.73 2619.74 2.85 Max-Iter
32.73 78.85 11.80 0.56 1.99 0.00 0.00 -58.92 14.94 2763.02 2.95 Max-Iter
35.86 83.85 12.80 0.56 1.63 -0.13 -0.05 -60.00 14.11 2652.39 4.34 Max-Iter
39.27 89.27 13.62 0.50 0.69 -0.08 -0.03 -42.55 14.31 2415.09 4.39 Max-Iter
42.52 95.26 13.97 0.46 -1.57 -0.22 -0.10 -55.66 12.86 2268.06 4.39 Max-Iter
45.60 101.52 13.18 0.35 -1.31 -0.12 -0.05 -41.82 12.09 2107.17 4.35 Max-Iter
47.84 107.72 12.52 0.29 -0.43 -0.01 -0.00 -60.00 11.73 1910.06 4.31 Max-Iter
49.62 113.72 12.31 0.29 1.98 -0.16 -0.06 -59.75 14.78 1823.99 4.34 Max-Iter
51.35 119.63 13.30 0.20 0.80 -0.18 -0.07 -59.99 14.61 1527.14 4.37 Max-Iter
52.70 126.14 13.70 0.12 0.07 -0.21 -0.09 -61.53 14.02 1203.16 2.91 Max-Iter
53.50 132.94 13.74 0.01 0.50 -0.16 -0.07 -65.06 14.38 891.00 4.37 Max-Iter
53.58 139.81 13.98 -0.07 -0.07 -0.13 -0.06 -60.01 14.10 820.44 4.40 Max-Iter
53.11 146.79 13.95 -0.13 1.81 -0.10 -0.04 -60.08 15.42 603.89 4.33 Max-Iter
52.18 153.70 14.85 -0.18 -1.94 -0.13 -0.06 -59.91 15.31 509.37 2.89 Max-Iter
50.82 161.00 13.88 -0.25 -0.99 -0.16 -0.07 -59.62 14.17 399.29 2.88 Max-Iter
49.10 167.73 13.39 -0.33 0.60 -0.11 -0.05 -60.02 14.40 235.73 2.90 Max-Iter
46.92 174.06 13.69 -0.39 0.39 -0.10 -0.04 -60.00 14.43 166.43 2.90 Max-Iter
44.35 180.40 13.88 -0.43 0.31 -0.09 -0.04 -60.00 14.46 115.56 2.93 Max-Iter
