14.00 2.00 14.67 0.00 -0.04 -0.00 -0.00 -0.02 14.69 519.85 1.02 Max-Iter
14.03 7.87 14.65 0.00 -0.10 0.00 0.00 1.61 14.72 493.46 0.99 Max-Iter
14.05 13.73 14.61 0.00 -0.09 0.00 0.00 29.40 14.75 467.80 0.99 Max-Iter
14.06 19.57 14.58 0.00 -2.00 -0.00 -0.00 -3.69 12.19 490.08 1.02 Max-Iter
14.09 25.40 13.78 0.00 -2.00 0.52 0.00 -30.00 11.73 654.31 1.03 Max-Iter
14.10 30.91 12.98 0.21 -2.00 0.52 0.00 -30.00 11.73 869.56 0.99 Max-Iter
15.20 35.99 12.18 0.42 1.99 0.52 0.00 -29.93 11.76 1278.70 0.97 Max-Iter
17.20 40.43 12.97 0.63 1.97 0.05 0.00 -29.03 14.36 1855.15 0.97 Max-Iter
20.26 44.62 13.76 0.65 1.70 -0.11 -0.00 -29.76 14.45 1953.83 0.99 Max-Iter
23.59 49.00 14.44 0.60 0.35 -0.19 -0.00 -30.00 14.67 1807.52 0.98 Max-Iter
26.87 53.76 14.58 0.53 0.06 -0.24 -0.00 -30.00 14.66 1552.46 1.04 Max-Iter
29.83 58.79 14.61 0.44 0.06 -0.23 -0.00 -30.00 14.63 1243.43 1.00 Max-Iter
32.30 64.08 14.64 0.34 0.03 -0.20 -0.00 -30.00 14.64 971.27 1.00 Max-Iter
34.26 69.60 14.65 0.26 -0.06 -0.17 -0.00 -30.00 14.75 764.50 1.00 Max-Iter
35.78 75.26 14.62 0.19 0.05 -0.15 -0.00 -30.00 14.59 611.36 1.00 Max-Iter
36.89 81.00 14.64 0.13 -0.12 -0.06 -0.00 -30.00 14.66 496.82 1.00 Max-Iter
37.66 86.81 14.60 0.11 0.06 -0.12 -0.00 -30.00 14.66 453.15 0.98 Max-Iter
38.29 92.61 14.62 0.06 0.05 -0.11 -0.00 -30.00 14.66 371.42 0.98 Max-Iter
38.63 98.45 14.64 0.01 0.02 -0.09 -0.00 -30.00 14.67 307.81 1.00 Max-Iter
38.71 104.30 14.65 -0.02 0.01 -0.08 -0.00 -30.00 14.67 257.92 1.00 Max-Iter
38.58 110.16 14.65 -0.05 0.01 -0.07 -0.00 -30.00 14.67 217.99 0.99 Max-Iter
38.27 116.01 14.65 -0.08 0.00 -0.06 -0.00 -30.00 14.67 185.55 0.99 Max-Iter
37.79 121.86 14.66 -0.10 0.01 -0.05 -0.00 -30.00 14.66 158.97 0.99 Max-Iter
37.18 127.69 14.66 -0.13 -0.01 -0.05 -0.00 -30.00 14.69 136.46 0.97 Max-Iter
36.44 133.50 14.66 -0.14 0.01 -0.04 -0.00 -30.00 14.66 117.26 0.98 Max-Iter
35.60 139.31 14.66 -0.16 -0.01 -0.03 -0.00 -30.00 14.68 100.84 0.98 Max-Iter
34.67 145.10 14.66 -0.17 -0.05 -0.04 -0.00 -30.00 14.69 86.60 1.00 Max-Iter
33.66 150.87 14.64 -0.19 0.05 -0.03 -0.00 -30.00 14.60 72.97 1.02 Max-Iter
32.57 156.63 14.66 -0.20 0.04 -0.02 -0.00 -29.99 14.66 61.78 0.98 Max-Iter
31.42 162.38 14.68 -0.21 0.02 -0.02 -0.00 -30.00 14.66 51.97 0.99 Max-Iter
30.22 168.12 14.69 -0.21 -0.00 -0.02 -0.00 -30.00 14.66 43.15 0.96 Max-Iter
28.97 173.86 14.69 -0.22 -0.00 -0.02 -0.00 -29.99 14.66 35.26 0.96 Max-Iter
27.68 179.59 14.68 -0.23 -0.00 -0.01 -0.00 -29.74 14.66 28.26 0.97 Max-Iter
26.35 185.32 14.68 -0.23 -0.07 -0.01 -0.00 -30.00 14.67 22.09 0.98 Max-Iter
