32.00 2.00 14.67 0.00 0.00 -0.00 -0.00 0.00 14.67 519.84 5.97 Solved
32.00 9.33 14.67 -0.00 0.00 0.00 0.00 -0.00 14.67 486.94 9.59 Solved
32.00 16.67 14.67 0.00 -0.00 -0.22 -0.10 27.06 14.67 455.54 11.19 Solved
32.00 24.00 14.66 -0.11 -0.00 -0.19 -0.09 28.27 14.67 465.87 17.62 Solved
31.18 31.29 14.66 -0.21 0.00 -0.15 -0.07 29.58 14.67 540.60 15.21 Solved
29.68 38.46 14.66 -0.28 0.00 -0.11 -0.05 31.01 14.67 651.86 17.40 Solved
27.63 45.50 14.67 -0.34 0.00 -0.08 -0.03 32.57 14.67 774.00 22.26 Solved
25.19 52.42 14.67 -0.38 0.00 -0.04 -0.02 34.27 14.67 884.65 19.57 Solved
22.48 59.23 14.67 -0.40 0.00 0.00 0.00 36.13 14.67 965.43 24.96 Solved
19.65 66.00 14.67 -0.40 -0.00 -0.02 -0.01 40.29 14.67 1002.64 24.70 Solved
16.81 72.76 14.67 -0.41 0.00 -0.05 -0.02 46.84 14.67 1077.11 23.34 Solved
13.92 79.50 14.67 -0.43 0.00 -0.04 -0.02 49.57 14.67 1220.40 28.48 Solved
10.86 86.16 14.67 -0.45 0.00 -0.03 -0.01 52.53 14.67 1375.88 30.50 Solved
7.67 92.77 14.67 -0.47 0.00 -0.02 -0.01 55.75 14.67 1543.26 34.01 Solved
4.38 99.32 14.67 -0.48 -0.00 -0.02 -0.01 59.23 14.67 1722.41 23.09 Solved
1.01 105.83 14.67 -0.49 -0.00 -0.01 -0.00 62.99 14.67 1913.44 27.40 Solved
-2.41 112.32 14.67 -0.49 -0.00 -0.00 -0.00 67.01 14.67 2116.59 24.38 Solved
-5.86 118.79 14.67 -0.49 -0.00 -0.00 -0.00 71.29 14.67 2332.30 24.42 Solved
-9.31 125.26 14.67 -0.49 -0.00 0.23 0.10 30.00 14.67 2584.54 20.94 Solved
-12.75 131.74 14.66 -0.38 -0.00 0.21 0.10 30.00 14.67 2231.93 12.47 Solved
-15.44 138.56 14.66 -0.27 -0.00 0.20 0.09 30.00 14.67 1938.85 12.46 Solved
-17.39 145.63 14.66 -0.17 -0.00 0.19 0.09 30.00 14.67 1692.01 8.57 Solved
-18.61 152.86 14.66 -0.07 -0.00 0.19 0.09 30.00 14.67 1480.69 8.31 Solved
-19.13 160.17 14.66 0.02 -0.00 0.18 0.08 30.00 14.67 1296.06 7.95 Solved
-18.97 167.50 14.66 0.11 -0.00 0.19 0.08 30.00 14.67 1130.61 5.22 Solved
-18.13 174.78 14.66 0.21 -0.00 0.19 0.09 30.00 14.67 977.57 4.90 Solved
-16.62 181.96 14.66 0.30 -0.00 0.20 0.09 30.00 14.67 830.44 5.05 Solved
-14.43 188.96 14.66 0.40 -0.00 0.22 0.10 30.00 14.67 682.44 3.30 Solved
-11.55 195.70 14.66 0.52 -0.00 0.26 0.12 30.00 14.66 526.12 3.11 Solved
-7.94 202.08 14.66 0.64 -0.57 0.45 0.20 -63.64 14.40 360.45 37.47 Max-Iter
