32.00 2.00 14.67 0.00 -0.00 0.00 0.00 0.00 14.67 519.84 0.25 Solved
32.00 9.33 14.67 0.00 0.00 0.00 0.00 -0.00 14.67 486.94 4.15 Solved
32.00 16.67 14.67 0.00 0.00 0.00 0.00 -0.00 14.67 455.11 9.36 Solved
32.00 24.00 14.67 0.00 0.00 0.00 0.00 -0.00 14.67 424.36 9.74 Solved
32.00 31.33 14.67 0.00 -0.00 0.00 0.00 -0.00 14.67 394.68 10.31 Solved
32.00 38.67 14.67 0.00 -0.00 0.00 0.00 -0.00 14.67 366.08 9.81 Solved
32.00 46.00 14.67 0.00 0.00 0.00 0.00 -0.00 14.67 338.56 9.29 Solved
32.00 53.33 14.67 0.00 -0.00 0.00 0.00 -0.00 14.67 312.11 13.36 Solved
32.00 60.67 14.67 0.00 -0.00 0.00 0.00 -0.00 14.67 286.74 15.42 Solved
32.00 68.00 14.67 0.00 0.00 0.06 0.03 -7.88 14.67 262.47 11.95 Solved
32.00 75.33 14.67 0.03 0.00 0.05 0.02 -8.43 14.67 242.30 21.15 Solved
32.22 82.66 14.67 0.06 -0.01 0.09 0.04 -17.42 14.66 228.03 21.82 Solved
32.63 89.99 14.66 0.10 0.01 0.16 0.07 -31.32 14.67 232.46 34.48 Solved
33.37 97.28 14.66 0.18 0.00 0.14 0.06 -33.86 14.67 298.07 33.97 Solved
34.70 104.49 14.67 0.25 0.00 0.11 0.05 -36.79 14.67 400.56 39.16 Solved
36.52 111.59 14.67 0.31 0.00 0.08 0.04 -40.19 14.67 527.13 52.14 Solved
38.72 118.59 14.67 0.35 0.00 0.07 0.03 -36.97 14.67 666.35 35.66 Solved
41.21 125.49 14.67 0.38 0.00 -0.00 -0.00 -41.07 14.67 830.69 40.46 Solved
43.93 132.30 14.67 0.38 -0.00 -0.07 -0.03 -45.99 14.67 920.72 29.76 Solved
46.65 139.11 14.67 0.34 -0.00 -0.06 -0.03 -51.88 14.67 912.42 15.95 Solved
49.11 146.02 14.67 0.31 -0.00 -0.04 -0.02 -58.90 14.67 945.75 14.06 Solved
51.38 152.99 14.67 0.30 -0.00 -0.02 -0.01 -67.13 14.67 1029.07 16.99 Solved
53.52 160.00 14.67 0.29 -0.00 0.00 0.00 -76.48 14.67 1176.73 14.47 Solved
55.59 167.04 14.67 0.29 -0.00 -0.00 -0.00 -86.62 14.67 1411.63 15.31 Solved
57.66 174.07 14.67 0.29 -0.01 -0.35 -0.16 -30.00 14.66 1726.70 16.50 Acceptable
59.74 181.11 14.66 0.11 -0.01 -0.37 -0.17 -30.00 14.66 1325.03 10.97 Solved
60.55 188.39 14.66 -0.07 -0.01 -0.42 -0.19 -30.00 14.66 940.34 11.95 Solved
