14.00 2.00 14.67 0.00 -1.14 0.01 0.00 -30.00 13.33 538.46 0.88 Max-Iter
14.00 9.33 14.09 0.00 -2.00 0.27 0.12 -30.09 11.73 885.78 0.85 Max-Iter
14.03 16.38 13.09 0.14 0.91 0.19 0.08 -30.00 15.05 844.20 0.87 Max-Iter
14.93 22.87 13.55 0.23 0.55 0.08 0.03 -30.00 14.67 805.06 1.68 Max-Iter
16.48 29.46 13.82 0.27 -0.49 0.02 0.01 -30.00 14.08 836.72 1.70 Max-Iter
18.34 36.12 13.58 0.28 -1.67 -0.03 -0.01 -24.98 11.97 929.98 1.72 Max-Iter
20.23 42.64 12.74 0.27 0.04 0.17 0.07 -30.00 11.99 1287.04 1.68 Max-Iter
21.92 48.78 12.76 0.35 1.45 0.04 0.02 -29.97 14.50 1236.01 2.86 Max-Iter
24.12 54.77 13.49 0.37 0.42 -0.04 -0.01 -30.01 14.31 1217.06 2.87 Max-Iter
26.58 61.06 13.70 0.35 -1.25 -0.09 -0.04 -28.83 12.27 1198.31 2.82 Max-Iter
28.96 67.48 13.07 0.31 -2.00 0.15 0.06 -29.00 11.73 1568.44 2.84 Max-Iter
30.95 73.70 12.07 0.38 -2.00 0.27 0.10 -30.00 11.73 2446.89 2.82 Max-Iter
33.21 79.30 11.07 0.52 2.00 0.05 0.02 -29.89 14.10 2651.82 2.77 Max-Iter
35.96 84.11 12.07 0.55 1.98 -0.08 -0.03 -29.99 13.97 2619.63 4.24 Max-Iter
39.09 89.27 13.06 0.51 0.77 -0.16 -0.06 -30.00 13.92 2413.91 4.28 Max-Iter
42.26 94.98 13.45 0.43 -0.54 -0.22 -0.09 -30.00 13.28 2121.84 4.25 Max-Iter
45.05 101.10 13.18 0.32 -1.81 -0.16 -0.06 -26.38 11.77 1737.33 4.26 Max-Iter
47.11 107.36 12.28 0.24 1.86 -0.01 -0.00 -21.49 14.48 1785.10 4.23 Max-Iter
48.56 113.32 13.21 0.23 1.03 -0.06 -0.03 -29.98 14.69 1617.37 4.23 Max-Iter
50.10 119.74 13.72 0.20 1.16 -0.13 -0.06 -30.01 14.52 1490.60 4.25 Max-Iter
51.49 126.46 14.31 0.14 -0.37 -0.22 -0.10 -29.96 14.21 1265.20 2.87 Max-Iter
52.47 133.55 14.12 0.03 -0.12 -0.10 -0.04 -29.93 14.32 954.29 4.30 Max-Iter
52.67 140.61 14.06 -0.02 0.34 -0.15 -0.06 -29.23 14.29 845.25 4.24 Max-Iter
52.51 147.64 14.23 -0.10 0.48 -0.02 -0.01 -29.96 14.75 741.87 4.28 Max-Iter
51.82 154.72 14.47 -0.11 -0.55 -0.19 -0.09 -30.00 14.32 736.84 2.83 Max-Iter
51.03 161.91 14.20 -0.21 -0.09 -0.17 -0.07 -29.99 14.20 519.80 2.80 Max-Iter
49.58 168.86 14.15 -0.29 0.01 -0.15 -0.07 -30.00 14.28 362.89 2.82 Max-Iter
47.56 175.64 14.16 -0.36 -0.66 -0.13 -0.06 -27.81 13.80 260.80 2.81 Max-Iter
45.03 182.25 13.82 -0.43 0.31 -0.11 -0.05 -30.04 14.35 163.55 2.85 Max-Iter
