14.00 2.00 14.67 0.00 -0.00 0.00 0.00 0.00 14.67 519.84 0.19 Max-Iter
14.00 9.33 14.67 0.00 0.00 0.00 0.00 0.00 14.67 486.94 0.16 Max-Iter
14.00 16.67 14.67 0.00 -0.00 0.00 0.00 0.00 14.67 455.11 0.14 Max-Iter
14.00 24.00 14.67 0.00 -0.00 0.00 0.00 0.00 14.67 424.36 0.12 Max-Iter
14.00 31.33 14.67 0.00 0.00 0.00 0.00 0.00 14.67 394.68 0.12 Max-Iter
14.00 38.67 14.67 0.00 0.00 0.00 0.00 0.00 14.67 366.08 0.12 Max-Iter
14.00 46.00 14.67 0.00 -0.00 0.00 0.00 0.00 14.67 338.56 0.12 Max-Iter
14.00 53.33 14.67 0.00 0.00 0.00 0.00 0.00 14.67 312.11 0.13 Max-Iter
14.00 60.67 14.67 0.00 -0.13 0.38 0.17 -1.80 13.35 1885.93 0.38 Max-Iter
14.00 68.00 14.60 0.19 -1.51 0.44 0.20 7.42 13.49 2594.79 0.39 Max-Iter
15.39 75.17 13.84 0.41 0.79 0.41 0.18 11.59 14.80 2953.89 0.39 Max-Iter
18.14 81.52 14.24 0.62 -0.16 0.28 0.12 -2.87 13.84 3103.03 0.39 Max-Iter
22.25 87.33 14.16 0.76 0.58 0.02 0.01 -22.58 15.05 3721.13 0.38 Max-Iter
27.10 92.49 14.45 0.77 0.16 -0.02 -0.01 -7.64 14.41 3985.73 0.39 Max-Iter
32.10 97.70 14.52 0.76 0.25 -0.16 -0.07 -7.75 14.82 4132.19 0.39 Max-Iter
37.08 102.98 14.65 0.68 0.17 -0.14 -0.06 -0.04 14.71 3816.35 0.40 Max-Iter
41.67 108.69 14.73 0.61 0.14 -0.17 -0.08 6.32 14.79 3615.33 0.39 Max-Iter
45.87 114.74 14.81 0.52 0.11 -0.18 -0.08 4.13 14.81 3296.40 0.40 Max-Iter
49.56 121.16 14.86 0.43 0.03 -0.16 -0.07 -28.07 14.78 2979.94 0.39 Max-Iter
52.69 127.90 14.88 0.35 0.12 -0.18 -0.08 -11.17 14.90 2719.11 0.39 Max-Iter
55.28 134.88 14.94 0.26 -0.47 -0.14 -0.06 -6.81 14.22 2643.87 0.39 Max-Iter
57.23 142.09 14.70 0.20 -0.24 -0.22 -0.10 0.37 14.37 2303.68 0.38 Max-Iter
58.66 149.30 14.58 0.09 1.74 0.02 0.01 -4.85 16.88 2351.79 0.39 Max-Iter
59.30 156.56 15.45 0.10 0.71 -0.29 -0.14 -2.12 16.04 2412.65 0.39 Max-Iter
60.06 164.25 15.81 -0.05 0.21 -0.20 -0.10 -20.87 15.67 1864.18 0.39 Max-Iter
59.70 172.14 15.91 -0.15 -0.47 -0.18 -0.09 28.63 15.02 1666.70 0.39 Max-Iter
58.52 180.01 15.68 -0.24 -0.09 -0.21 -0.10 -0.52 15.31 1512.37 0.39 Max-Iter
56.65 187.63 15.63 -0.34 -0.17 -0.35 -0.17 -29.94 15.17 1274.66 0.12 Max-Iter
