14.00 2.00 14.67 0.00 -0.00 0.00 0.00 0.00 14.67 519.84 0.10 Solved
14.00 9.33 14.67 0.00 0.00 0.00 0.00 0.00 14.67 486.94 0.04 Solved
14.00 16.67 14.67 0.00 0.00 0.00 0.00 0.00 14.67 455.11 0.05 Solved
14.00 24.00 14.67 0.00 -0.00 0.00 0.00 0.00 14.67 424.36 0.04 Solved
14.00 31.33 14.67 0.00 -2.00 0.52 0.24 -30.00 12.95 1319.87 0.21 Infeasible
14.00 38.67 13.67 0.26 -2.00 0.47 0.20 -30.00 12.15 1893.43 0.62 Infeasible
15.77 45.27 12.67 0.50 2.00 -0.04 -0.02 -30.00 14.82 2108.99 0.61 Infeasible
18.79 50.83 13.67 0.48 0.34 -0.13 -0.06 -18.88 13.33 1935.60 0.33 Infeasible
21.92 56.91 13.84 0.41 0.26 -0.26 -0.11 26.10 14.29 1556.83 0.24 Infeasible
24.68 63.25 13.97 0.28 -2.00 0.29 0.13 -30.00 12.38 1735.98 1.23 Infeasible
26.60 69.97 12.97 0.42 2.00 -0.05 -0.02 -30.00 13.17 2014.36 0.82 Infeasible
29.27 75.87 13.97 0.40 1.66 -0.19 -0.08 -30.00 14.65 1784.25 0.45 Solved
31.99 82.31 14.80 0.30 -1.34 -0.32 -0.15 -30.00 13.97 1281.31 1.49 Solved
34.20 89.37 14.13 0.14 0.11 -0.22 -0.09 -30.00 14.29 677.10 1.72 Max-Iter
35.20 96.36 14.18 0.03 0.16 -0.14 -0.06 -30.00 14.37 397.35 1.69 Max-Iter
35.45 103.45 14.27 -0.04 0.16 -0.10 -0.04 -30.00 14.43 262.33 1.69 Max-Iter
35.18 110.58 14.34 -0.09 0.14 -0.07 -0.03 -30.00 14.48 192.13 1.11 Solved
34.56 117.72 14.41 -0.12 0.30 -0.03 -0.01 20.12 14.61 157.92 0.54 Infeasible
33.70 124.88 14.56 -0.13 0.04 -0.04 -0.02 -30.00 14.61 129.39 1.53 Solved
32.74 132.09 14.58 -0.15 0.04 -0.03 -0.01 -30.00 14.62 106.77 1.34 Solved
31.64 139.30 14.60 -0.16 0.03 -0.02 -0.01 -30.00 14.63 89.21 1.14 Solved
30.44 146.50 14.62 -0.17 0.02 -0.01 -0.01 -30.00 14.64 74.54 0.67 Solved
29.18 153.70 14.63 -0.18 0.02 -0.01 -0.00 -30.00 14.64 61.79 0.43 Solved
27.87 160.90 14.64 -0.18 0.01 -0.01 -0.00 -30.00 14.65 50.51 0.68 Solved
26.53 168.09 14.64 -0.19 0.01 -0.01 -0.00 -30.00 14.65 40.49 0.92 Solved
25.17 175.28 14.65 -0.19 0.01 -0.01 -0.00 -30.00 14.66 31.65 1.72 Max-Iter
23.78 182.48 14.65 -0.19 0.01 -0.01 -0.00 -30.00 14.66 23.93 0.62 Solved
22.37 189.67 14.66 -0.20 0.00 -0.01 -0.00 -30.00 14.66 17.31 0.44 Solved
20.94 196.85 14.66 -0.20 0.00 -0.01 -0.00 -30.00 14.66 11.80 1.12 Max-Iter
19.50 204.04 14.66 -0.20 0.00 -0.01 -0.00 -30.00 14.66 7.40 0.28 Solved
