32.00 2.00 14.67 0.00 0.00 -0.00 -0.00 0.00 14.67 519.84 6.26 Solved
32.00 9.33 14.67 -0.00 -0.00 -0.00 -0.00 -0.00 14.67 486.94 5.81 Solved
32.00 16.67 14.67 -0.00 0.00 0.00 0.00 -0.00 14.67 455.11 6.00 Solved
32.00 24.00 14.67 0.00 -0.00 -0.00 -0.00 -0.00 14.67 424.36 5.81 Solved
32.00 31.33 14.67 0.00 -0.00 0.00 0.00 -0.00 14.67 394.68 5.88 Solved
32.00 38.67 14.67 0.00 0.00 -0.00 -0.00 -0.00 14.67 366.08 8.84 Solved
32.00 46.00 14.67 0.00 0.00 -0.00 -0.00 -0.00 14.67 338.56 9.12 Solved
32.00 53.33 14.67 -0.00 -0.00 -0.00 -0.00 0.00 14.67 312.11 18.60 Solved
32.00 60.67 14.67 -0.00 0.00 -0.00 -0.00 0.00 14.67 286.74 21.05 Solved
32.00 68.00 14.67 -0.00 -0.00 -0.00 -0.00 0.00 14.67 262.44 28.04 Solved
32.00 75.33 14.67 -0.00 -0.00 0.01 0.00 -0.74 14.67 239.22 24.96 Solved
32.00 82.67 14.67 0.00 0.00 0.06 0.03 -8.44 14.67 217.13 30.62 Solved
32.02 90.00 14.67 0.03 0.00 0.05 0.02 -9.13 14.67 199.75 32.63 Solved
32.27 97.33 14.67 0.06 0.00 0.04 0.02 -9.94 14.67 188.32 33.22 Solved
32.70 104.65 14.67 0.08 0.00 0.03 0.01 -10.92 14.67 180.98 31.94 Solved
33.28 111.96 14.67 0.09 0.00 0.02 0.01 -12.10 14.67 176.13 40.28 Solved
33.98 119.26 14.67 0.11 -0.00 0.01 0.00 -13.56 14.67 172.37 31.57 Solved
34.75 126.55 14.67 0.11 -0.00 -0.00 -0.00 -15.42 14.67 168.56 23.78 Solved
35.56 133.84 14.67 0.11 -0.00 0.00 0.00 -17.85 14.67 163.76 19.72 Solved
36.36 141.13 14.67 0.11 -0.00 -0.00 -0.00 -21.14 14.67 162.51 22.12 Solved
37.17 148.42 14.67 0.11 -0.00 -0.00 -0.00 -25.82 14.67 165.72 23.00 Solved
37.98 155.71 14.67 0.11 -0.00 -0.01 -0.00 -30.00 14.67 174.76 18.55 Solved
38.78 163.00 14.67 0.10 -0.00 -0.05 -0.02 -30.00 14.67 184.31 19.67 Solved
39.55 170.29 14.67 0.08 -0.00 -0.09 -0.04 -30.00 14.67 177.11 11.33 Solved
40.15 177.60 14.67 0.04 -0.00 -0.15 -0.07 -30.00 14.67 147.80 12.40 Solved
