32.00 2.00 14.67 0.00 0.00 0.06 0.03 -6.98 14.67 519.87 6.85 Solved
32.00 9.33 14.67 0.03 -0.00 0.09 0.04 -12.68 14.67 489.89 5.59 Solved
32.22 16.66 14.67 0.07 0.00 0.07 0.03 -13.25 14.67 473.52 8.69 Solved
32.76 23.98 14.67 0.11 0.00 0.06 0.03 -13.86 14.67 467.25 12.37 Solved
33.57 31.27 14.67 0.14 0.00 0.04 0.02 -14.54 14.67 466.57 23.45 Solved
34.59 38.53 14.67 0.16 -0.02 0.42 0.19 -66.09 14.66 469.13 21.26 Solved
35.77 45.77 14.66 0.37 -0.00 0.37 0.17 -68.61 14.67 848.48 51.97 Solved
38.44 52.59 14.66 0.56 0.00 0.30 0.14 -71.22 14.67 1472.33 46.79 Solved
42.32 58.81 14.66 0.71 0.00 0.23 0.11 -73.92 14.67 2239.71 27.94 Solved
47.09 64.37 14.66 0.83 0.00 0.16 0.07 -76.69 14.67 3037.73 24.97 Solved
52.48 69.34 14.66 0.90 0.00 0.08 0.04 -79.52 14.67 3756.91 25.26 Solved
58.24 73.87 14.66 0.94 0.01 -0.00 -0.00 -82.41 14.67 4303.54 24.62 Solved
64.18 78.16 14.67 0.94 0.00 -0.00 -0.00 -85.33 14.67 4608.57 20.27 Solved
70.13 82.46 14.67 0.94 -0.00 -0.29 -0.13 -30.00 14.67 4941.21 19.88 Solved
76.07 86.76 14.66 0.80 -0.00 -0.26 -0.12 -30.00 14.67 4170.20 15.24 Solved
81.32 91.88 14.66 0.67 0.00 -0.24 -0.11 -30.00 14.67 3553.32 11.50 Solved
85.84 97.65 14.66 0.55 0.00 -0.22 -0.10 -30.00 14.67 3056.43 8.27 Solved
89.65 103.91 14.66 0.44 0.00 -0.20 -0.09 -30.00 14.67 2653.19 5.05 Solved
92.75 110.56 14.66 0.34 0.00 -0.18 -0.08 -30.00 14.67 2323.29 5.37 Solved
95.18 117.48 14.66 0.25 0.00 -0.17 -0.08 -30.00 14.67 2050.96 2.73 Solved
96.96 124.59 14.66 0.16 0.00 -0.16 -0.07 -30.00 14.67 1823.89 2.92 Solved
98.14 131.83 14.66 0.08 0.00 -0.15 -0.07 -30.00 14.67 1632.41 5.06 Solved
98.73 139.13 14.66 0.01 0.00 -0.14 -0.07 -30.00 14.67 1468.85 5.35 Solved
98.77 146.47 14.66 -0.07 -0.00 -0.14 -0.06 -30.00 14.67 1327.02 1.51 Solved
98.29 153.78 14.66 -0.14 -0.00 -0.14 -0.06 -30.00 14.67 1201.84 1.36 Solved
97.28 161.05 14.66 -0.21 -0.00 -0.14 -0.06 -30.00 14.67 1088.98 1.57 Solved
95.78 168.22 14.66 -0.28 -0.00 -0.14 -0.06 -30.00 14.67 984.63 1.57 Solved
93.78 175.28 14.66 -0.35 -0.00 -0.15 -0.07 -30.00 14.67 885.21 1.61 Solved
91.29 182.17 14.66 -0.42 -0.00 -0.16 -0.07 -30.00 14.67 787.10 1.53 Solved
88.29 188.87 14.66 -0.50 -0.00 -0.17 -0.08 -30.00 14.67 686.39 1.47 Solved
84.78 195.30 14.66 -0.58 -0.00 -0.19 -0.09 -30.00 14.67 578.48 3.31 Solved
80.74 201.42 14.66 -0.68 -0.00 -0.23 -0.10 -30.00 14.66 457.85 2.91 Solved
76.13 207.12 14.66 -0.79 -0.17 0.13 0.06 -71.97 14.53 319.96 38.00 Max-Iter
