32.00 2.00 14.67 0.00 0.00 -0.00 -0.00 0.00 14.67 519.84 2.20 Solved
32.00 9.33 14.67 -0.00 0.00 -0.00 -0.00 -0.00 14.67 486.94 2.06 Solved
32.00 16.67 14.67 -0.00 -0.00 -0.00 -0.00 0.00 14.67 455.11 1.88 Solved
32.00 24.00 14.67 -0.00 0.00 0.00 0.00 0.00 14.67 424.36 6.46 Solved
32.00 31.33 14.67 -0.00 -0.00 0.00 0.00 0.00 14.67 394.68 9.65 Solved
32.00 38.67 14.67 -0.00 0.00 0.00 0.00 0.00 14.67 366.08 9.67 Solved
32.00 46.00 14.67 -0.00 -0.00 0.00 0.00 0.00 14.67 338.56 14.78 Solved
32.00 53.33 14.67 -0.00 0.00 0.00 0.00 -0.00 14.67 312.11 15.61 Solved
32.00 60.67 14.67 -0.00 0.00 0.00 0.00 -0.00 14.67 286.74 19.18 Solved
32.00 68.00 14.67 0.00 -0.00 0.00 0.00 -0.00 14.67 262.44 19.30 Solved
32.00 75.33 14.67 0.00 0.00 0.00 0.00 -0.00 14.67 239.22 18.20 Solved
32.00 82.67 14.67 0.00 0.00 0.00 0.00 -0.00 14.67 217.07 18.00 Solved
32.00 90.00 14.67 0.00 0.00 0.00 0.00 -0.00 14.67 196.00 23.34 Solved
32.00 97.33 14.67 0.00 -0.00 0.00 0.00 -0.00 14.67 176.00 29.50 Solved
32.00 104.67 14.67 0.00 -0.00 0.00 0.00 -0.00 14.67 157.08 30.47 Solved
32.00 112.00 14.67 0.00 0.00 -0.00 -0.00 -0.00 14.67 139.24 28.38 Solved
32.00 119.33 14.67 0.00 -0.00 0.00 0.00 -0.00 14.67 122.47 42.89 Solved
32.00 126.67 14.67 0.00 -0.00 -0.00 -0.00 -0.00 14.67 106.78 32.95 Solved
32.00 134.00 14.67 0.00 -0.00 0.00 0.00 -0.00 14.67 92.16 36.11 Solved
32.00 141.33 14.67 0.00 -0.00 0.00 0.00 -0.00 14.67 78.62 37.47 Solved
32.00 148.67 14.67 0.00 0.00 0.00 0.00 -0.00 14.67 66.15 27.25 Solved
32.00 156.00 14.67 0.00 -0.00 0.00 0.00 -0.00 14.67 54.76 17.47 Solved
32.00 163.33 14.67 0.00 -0.00 0.00 0.00 -0.00 14.67 44.44 17.32 Solved
32.00 170.67 14.67 0.00 -0.00 0.00 0.00 -0.00 14.67 35.20 17.05 Solved
32.00 178.00 14.67 0.00 -0.00 -0.00 -0.00 -0.00 14.67 27.04 12.07 Solved
