32.00 2.00 14.67 0.00 0.00 0.00 0.00 0.00 14.67 519.84 1.88 Solved
32.00 9.33 14.67 0.00 -0.00 -0.00 -0.00 0.00 14.67 486.94 2.04 Solved
32.00 16.67 14.67 -0.00 0.00 0.00 0.00 -0.00 14.67 455.11 3.75 Solved
32.00 24.00 14.67 0.00 -0.00 -0.00 -0.00 0.00 14.67 424.36 3.58 Solved
32.00 31.33 14.67 -0.00 -0.00 -0.00 -0.00 -0.00 14.67 394.68 6.16 Solved
32.00 38.67 14.67 -0.00 0.00 -0.00 -0.00 0.00 14.67 366.08 10.55 Solved
32.00 46.00 14.67 -0.00 -0.00 -0.00 -0.00 0.00 14.67 338.56 9.56 Solved
32.00 53.33 14.67 -0.00 0.00 -0.00 -0.00 0.00 14.67 312.11 9.53 Solved
32.00 60.67 14.67 -0.00 -0.00 -0.00 -0.00 0.00 14.67 286.74 13.48 Solved
32.00 68.00 14.67 -0.00 -0.00 -0.05 -0.02 5.90 14.67 262.46 11.09 Solved
32.00 75.33 14.67 -0.02 -0.00 -0.04 -0.02 6.32 14.67 240.93 14.93 Solved
31.83 82.66 14.67 -0.04 -0.00 -0.03 -0.01 6.80 14.67 223.15 20.59 Solved
31.53 89.99 14.67 -0.06 0.00 -0.02 -0.01 7.36 14.67 208.05 20.51 Solved
31.11 97.31 14.67 -0.07 0.00 -0.02 -0.01 8.02 14.67 194.70 25.46 Solved
30.60 104.63 14.67 -0.08 0.00 -0.01 -0.00 8.81 14.67 182.28 28.19 Solved
30.05 111.94 14.67 -0.08 0.00 -0.00 -0.00 9.77 14.67 170.09 39.06 Solved
29.46 119.25 14.67 -0.08 0.00 0.00 0.00 10.96 14.67 157.58 31.15 Solved
28.87 126.56 14.67 -0.08 0.00 0.00 0.00 12.47 14.67 147.07 37.71 Solved
28.29 133.87 14.67 -0.08 0.00 0.00 0.00 14.46 14.67 138.83 38.49 Solved
27.70 141.18 14.67 -0.08 0.00 0.00 0.00 17.18 14.67 133.29 31.80 Solved
27.11 148.49 14.67 -0.08 0.00 0.00 0.00 21.10 14.67 131.03 33.65 Solved
26.52 155.80 14.67 -0.08 0.00 0.00 0.00 27.18 14.67 132.98 20.13 Solved
25.94 163.11 14.67 -0.08 0.00 0.00 0.00 37.49 14.67 140.53 20.31 Solved
25.35 170.42 14.67 -0.08 0.00 0.00 0.00 56.56 14.67 156.01 19.02 Solved
24.76 177.73 14.67 -0.08 -0.01 0.17 0.08 30.00 14.67 183.64 16.29 Solved
