32.00 2.00 14.67 0.00 -0.00 0.00 0.00 -0.00 14.67 519.84 2.02 Solved
32.00 9.33 14.67 0.00 0.00 0.00 0.00 -0.00 14.67 486.94 1.88 Solved
32.00 16.67 14.67 0.00 -0.00 0.00 0.00 -0.00 14.67 455.11 1.73 Solved
32.00 24.00 14.67 0.00 -0.00 -0.00 -0.00 -0.00 14.67 424.36 3.58 Solved
32.00 31.33 14.67 0.00 -0.00 0.00 0.00 -0.00 14.67 394.68 3.49 Solved
32.00 38.67 14.67 0.00 0.00 -0.00 -0.00 -0.00 14.67 366.08 6.35 Solved
32.00 46.00 14.67 0.00 -0.00 0.00 0.00 -0.00 14.67 338.56 6.35 Solved
32.00 53.33 14.67 0.00 -0.00 -0.00 -0.00 -0.00 14.67 312.11 5.93 Solved
32.00 60.67 14.67 0.00 -0.00 -0.00 -0.00 -0.00 14.67 286.74 8.77 Solved
32.00 68.00 14.67 0.00 0.00 -0.00 -0.00 0.00 14.67 262.44 19.48 Solved
32.00 75.33 14.67 0.00 -0.00 -0.13 -0.06 17.19 14.67 239.36 14.35 Solved
32.00 82.67 14.66 -0.06 0.00 -0.11 -0.05 19.70 14.67 230.93 16.21 Solved
31.53 89.98 14.67 -0.12 0.00 -0.09 -0.04 21.27 14.67 244.54 15.51 Solved
30.66 97.27 14.67 -0.16 0.00 -0.07 -0.03 23.09 14.67 273.72 37.50 Solved
29.48 104.50 14.67 -0.20 0.00 -0.06 -0.03 22.20 14.67 312.87 30.42 Solved
28.04 111.70 14.67 -0.23 0.01 -0.04 -0.02 17.57 14.67 365.87 33.46 Solved
26.38 118.84 14.67 -0.25 0.00 0.03 0.01 19.61 14.67 419.90 32.56 Solved
24.56 125.95 14.67 -0.24 -0.01 0.10 0.04 22.16 14.67 418.38 37.67 Solved
22.85 133.08 14.67 -0.19 -0.00 0.07 0.03 25.41 14.67 353.14 29.94 Solved
21.49 140.29 14.67 -0.15 -0.00 0.05 0.02 29.69 14.67 314.06 30.48 Solved
20.40 147.54 14.67 -0.12 -0.00 0.02 0.01 35.49 14.67 299.36 26.08 Solved
19.48 154.82 14.67 -0.11 -0.00 -0.00 -0.00 43.56 14.67 311.09 24.33 Solved
18.66 162.11 14.67 -0.11 -0.00 -0.00 -0.00 54.99 14.67 356.60 20.81 Solved
17.84 169.39 14.67 -0.11 -0.00 0.16 0.07 30.00 14.67 423.54 20.10 Solved
17.01 176.68 14.66 -0.03 -0.00 0.20 0.09 30.00 14.66 337.56 19.07 Solved
16.78 184.01 14.66 0.07 -0.09 0.34 0.16 -113.65 14.61 229.72 243.80 Max-Iter
17.29 191.32 14.62 0.24 -3.41 0.42 0.19 -86.61 14.14 124.57 240.60 Max-Iter
19.04 198.42 12.92 0.45 -5.28 -0.51 -0.20 34.03 10.89 436.65 139.41 Max-Iter
