32.00 2.00 14.67 0.00 -0.00 0.00 0.00 -0.00 14.67 519.84 4.47 Solved
32.00 9.33 14.67 0.00 -0.01 0.16 0.07 -18.99 14.67 487.15 3.41 Solved
32.00 16.67 14.66 0.08 0.01 0.13 0.06 -21.71 14.67 475.32 5.74 Solved
32.57 23.98 14.67 0.15 0.00 0.11 0.05 -22.70 14.67 496.31 9.56 Solved
33.63 31.23 14.67 0.20 -0.01 0.27 0.12 -48.82 14.66 538.69 13.10 Solved
35.09 38.42 14.66 0.33 0.01 -0.07 -0.03 -15.65 14.67 769.52 13.59 Solved
37.50 45.35 14.67 0.30 0.00 -0.07 -0.03 -15.24 14.67 697.74 27.04 Solved
39.66 52.35 14.67 0.27 -0.00 -0.07 -0.03 -16.10 14.67 630.24 25.83 Solved
41.59 59.43 14.67 0.23 -0.00 -0.07 -0.03 -16.65 14.67 564.99 30.21 Solved
43.28 66.56 14.67 0.20 -0.00 -0.05 -0.02 -17.70 14.67 503.78 32.32 Solved
44.73 73.75 14.67 0.17 -0.00 -0.04 -0.02 -18.89 14.67 458.17 32.23 Solved
45.99 80.98 14.67 0.15 -0.00 -0.02 -0.01 -20.25 14.67 426.79 31.49 Solved
47.12 88.22 14.67 0.14 -0.00 -0.01 -0.00 -21.80 14.67 409.42 30.45 Solved
48.18 95.48 14.67 0.14 -0.00 -0.00 -0.00 -23.60 14.67 407.20 35.04 Solved
49.21 102.74 14.67 0.14 -0.00 0.00 0.00 -25.69 14.67 411.79 32.38 Solved
50.23 110.00 14.67 0.14 -0.00 -0.00 -0.00 -28.17 14.67 424.54 31.57 Solved
51.25 117.26 14.67 0.14 -0.00 -0.01 -0.00 -30.00 14.67 444.19 32.99 Solved
52.28 124.53 14.67 0.14 -0.00 -0.02 -0.01 -30.00 14.67 466.70 32.15 Solved
53.28 131.79 14.67 0.13 -0.00 -0.04 -0.02 -30.00 14.67 481.43 19.22 Solved
54.21 139.06 14.67 0.11 -0.00 -0.05 -0.02 -30.00 14.67 487.46 19.72 Solved
55.01 146.35 14.67 0.08 -0.00 -0.07 -0.03 -30.00 14.67 483.90 19.20 Solved
55.63 153.66 14.67 0.05 -0.00 -0.08 -0.04 -30.00 14.67 469.60 15.50 Solved
56.00 160.98 14.67 0.01 -0.00 -0.10 -0.05 -30.00 14.67 442.93 11.28 Solved
56.07 168.32 14.67 -0.04 -0.00 -0.13 -0.06 -30.00 14.67 401.57 7.65 Solved
55.77 175.64 14.66 -0.11 -0.00 -0.16 -0.07 -30.00 14.67 342.22 1.54 Solved
54.99 182.93 14.66 -0.19 -0.00 -0.21 -0.10 -30.00 14.66 260.78 1.53 Solved
