32.00 2.00 14.67 0.00 0.00 -0.00 -0.00 0.00 14.67 519.84 1.86 Solved
32.00 9.33 14.67 -0.00 -0.00 -0.00 -0.00 0.00 14.67 486.94 3.99 Solved
32.00 16.67 14.67 -0.00 -0.01 -0.05 -0.02 5.68 14.67 455.13 6.17 Solved
32.00 24.00 14.66 -0.02 0.00 -0.13 -0.06 17.42 14.67 426.25 5.19 Solved
31.83 31.33 14.67 -0.09 0.00 -0.11 -0.05 18.27 14.67 420.73 5.61 Solved
31.19 38.63 14.67 -0.14 0.00 -0.09 -0.04 19.20 14.67 436.69 4.82 Solved
30.15 45.89 14.67 -0.19 0.00 -0.06 -0.03 20.22 14.67 464.60 4.79 Solved
28.79 53.10 14.67 -0.22 0.00 -0.04 -0.02 21.36 14.67 496.08 4.93 Solved
27.21 60.26 14.67 -0.24 0.00 -0.02 -0.01 22.62 14.67 523.90 10.95 Solved
25.47 67.38 14.67 -0.25 -0.01 -0.12 -0.06 39.84 14.67 542.24 11.37 Solved
23.65 74.49 14.66 -0.31 0.00 -0.13 -0.06 46.19 14.67 683.72 21.63 Solved
21.39 81.47 14.67 -0.38 0.00 -0.11 -0.05 48.98 14.67 879.49 20.34 Solved
18.70 88.29 14.67 -0.43 0.00 -0.08 -0.04 52.03 14.67 1098.84 19.47 Solved
15.65 94.95 14.67 -0.47 0.00 -0.06 -0.03 55.35 14.67 1332.91 26.73 Solved
12.32 101.49 14.67 -0.50 0.00 -0.04 -0.02 58.97 14.67 1573.53 25.42 Solved
8.79 107.92 14.67 -0.52 -0.00 -0.02 -0.01 62.88 14.67 1813.20 26.75 Solved
5.13 114.27 14.67 -0.53 -0.00 -0.00 -0.00 67.08 14.67 2044.91 35.97 Solved
1.40 120.59 14.67 -0.53 -0.00 0.00 0.00 71.57 14.67 2262.13 32.50 Solved
-2.33 126.90 14.67 -0.53 -0.00 0.23 0.11 30.00 14.67 2517.70 32.73 Solved
-6.06 133.22 14.66 -0.42 -0.00 0.22 0.10 30.00 14.67 2171.00 26.26 Solved
-9.03 139.92 14.66 -0.31 -0.00 0.21 0.09 30.00 14.67 1881.82 29.95 Solved
-11.27 146.90 14.66 -0.21 -0.00 0.20 0.09 30.00 14.67 1637.11 16.13 Solved
-12.77 154.08 14.66 -0.11 -0.00 0.19 0.09 30.00 14.67 1426.28 12.07 Solved
-13.56 161.37 14.66 -0.01 -0.00 0.19 0.09 30.00 14.67 1240.46 12.37 Solved
-13.65 168.70 14.66 0.08 -0.00 0.20 0.09 30.00 14.67 1071.96 11.12 Solved
-13.03 176.00 14.66 0.18 -0.00 0.20 0.09 30.00 14.67 913.65 11.71 Solved
-11.70 183.21 14.66 0.28 -0.00 0.22 0.10 30.00 14.67 758.41 11.73 Solved
-9.65 190.25 14.66 0.39 -0.00 0.25 0.11 30.00 14.66 598.61 9.13 Solved
-6.83 197.02 14.66 0.52 -0.01 0.30 0.14 30.00 14.66 426.22 9.02 Solved
