32.00 2.00 14.67 0.00 -0.00 -0.14 -0.06 16.15 14.67 520.00 15.09 Solved
32.00 9.33 14.67 -0.07 -0.00 -0.28 -0.13 37.82 14.67 502.89 19.27 Solved
31.50 16.65 14.66 -0.21 0.00 -0.23 -0.11 39.34 14.67 598.28 35.03 Solved
30.00 23.83 14.66 -0.32 0.00 -0.19 -0.08 40.98 14.67 786.52 33.12 Solved
27.68 30.78 14.67 -0.42 0.00 -0.14 -0.06 42.73 14.67 1023.42 31.23 Solved
24.72 37.49 14.67 -0.49 0.00 -0.09 -0.04 44.60 14.67 1268.51 35.91 Solved
21.30 43.98 14.67 -0.53 0.00 -0.05 -0.02 46.60 14.67 1486.62 38.50 Solved
17.58 50.30 14.67 -0.56 0.00 0.00 0.00 48.75 14.67 1649.05 39.72 Solved
13.72 56.53 14.67 -0.56 0.00 -0.00 -0.00 51.05 14.67 1734.35 41.10 Solved
9.86 62.77 14.67 -0.56 0.00 0.00 0.00 53.50 14.67 1832.53 47.67 Solved
5.99 69.00 14.67 -0.56 0.00 0.00 0.00 56.13 14.67 1945.14 45.85 Solved
2.13 75.23 14.67 -0.56 0.00 0.00 0.00 58.92 14.67 2073.95 46.52 Solved
-1.74 81.46 14.67 -0.56 -0.00 0.16 0.07 30.00 14.67 2221.43 42.89 Solved
-5.60 87.69 14.67 -0.48 -0.00 0.15 0.07 30.00 14.67 1987.77 33.84 Solved
-8.96 94.21 14.67 -0.40 -0.00 0.14 0.06 30.00 14.67 1792.20 29.16 Solved
-11.84 100.96 14.67 -0.33 0.00 0.13 0.06 30.00 14.67 1626.85 24.91 Solved
-14.25 107.88 14.67 -0.27 0.00 0.12 0.06 30.00 14.67 1485.51 19.09 Solved
-16.21 114.95 14.67 -0.21 0.00 0.12 0.05 30.00 14.67 1363.19 19.79 Solved
-17.74 122.12 14.67 -0.15 -0.00 0.12 0.05 30.00 14.67 1255.87 8.46 Solved
-18.84 129.37 14.67 -0.09 -0.00 0.11 0.05 30.00 14.67 1160.22 7.78 Solved
-19.52 136.67 14.67 -0.04 -0.00 0.11 0.05 30.00 14.67 1073.40 3.12 Solved
-19.79 144.00 14.67 0.02 -0.00 0.12 0.05 30.00 14.67 992.91 1.53 Solved
-19.63 151.33 14.67 0.08 -0.00 0.12 0.05 30.00 14.67 916.45 0.29 Solved
-19.06 158.64 14.67 0.14 -0.00 0.13 0.06 30.00 14.67 841.73 0.29 Solved
-18.05 165.90 14.66 0.20 -0.00 0.13 0.06 30.00 14.67 766.36 0.32 Solved
-16.58 173.09 14.66 0.27 -0.00 0.15 0.07 30.00 14.67 687.61 0.29 Solved
-14.64 180.16 14.66 0.34 -0.00 0.16 0.07 30.00 14.67 602.19 0.31 Solved
-12.19 187.07 14.66 0.42 -0.00 0.19 0.09 30.00 14.67 505.94 0.37 Solved
-9.18 193.75 14.66 0.52 -0.00 0.23 0.10 30.00 14.66 393.69 0.43 Solved
-5.56 200.13 14.66 0.63 -0.93 0.43 0.20 -71.37 14.41 270.53 5.68 Max-Iter
