32.00 2.00 14.67 0.00 0.00 0.00 0.00 -0.00 14.67 519.84 4.04 Solved
32.00 9.33 14.67 0.00 -0.00 0.00 0.00 -0.00 14.67 486.94 6.83 Solved
32.00 16.67 14.67 0.00 0.00 0.00 0.00 -0.00 14.67 455.11 6.32 Solved
32.00 24.00 14.67 0.00 -0.00 0.00 0.00 -0.00 14.67 424.36 6.42 Solved
32.00 31.33 14.67 0.00 0.00 -0.00 -0.00 -0.00 14.67 394.68 7.23 Solved
32.00 38.67 14.67 0.00 0.00 0.00 0.00 -0.00 14.67 366.08 13.13 Solved
32.00 46.00 14.67 0.00 -0.01 0.22 0.10 -27.94 14.67 338.98 16.91 Solved
32.00 53.33 14.66 0.11 0.01 0.20 0.09 -33.03 14.67 352.28 18.01 Solved
32.81 60.62 14.67 0.21 0.00 0.16 0.07 -34.88 14.67 436.38 20.01 Solved
34.32 67.79 14.67 0.29 -0.00 0.14 0.06 -42.46 14.67 567.32 21.69 Solved
36.42 74.82 14.67 0.36 -0.00 0.12 0.05 -44.97 14.67 736.35 27.11 Solved
39.00 81.69 14.67 0.42 0.00 0.09 0.04 -47.72 14.67 932.01 26.23 Solved
41.98 88.39 14.67 0.47 0.00 0.07 0.03 -50.73 14.67 1143.09 29.81 Solved
45.27 94.94 14.67 0.50 0.00 0.05 0.02 -54.02 14.67 1359.10 33.82 Solved
48.79 101.37 14.67 0.52 0.00 0.02 0.01 -57.62 14.67 1570.30 33.76 Solved
52.46 107.72 14.67 0.54 0.00 -0.00 -0.00 -61.52 14.67 1767.79 30.44 Solved
56.20 114.03 14.67 0.54 0.00 -0.00 -0.00 -65.73 14.67 1943.58 19.42 Solved
59.94 120.34 14.67 0.54 -0.00 -0.20 -0.09 -30.00 14.67 2151.23 19.83 Solved
63.68 126.65 14.67 0.44 -0.00 -0.19 -0.09 -30.00 14.67 1882.69 15.13 Solved
66.78 133.29 14.66 0.34 -0.00 -0.18 -0.08 -30.00 14.67 1656.32 15.52 Solved
69.24 140.20 14.66 0.25 -0.00 -0.17 -0.08 -30.00 14.67 1462.51 15.65 Solved
71.07 147.30 14.66 0.17 -0.00 -0.17 -0.08 -30.00 14.67 1293.44 16.03 Solved
72.28 154.53 14.66 0.08 -0.00 -0.17 -0.08 -30.00 14.67 1142.46 11.29 Solved
72.86 161.84 14.66 -0.00 -0.00 -0.17 -0.08 -30.00 14.67 1003.71 5.54 Solved
72.83 169.17 14.66 -0.09 -0.00 -0.18 -0.08 -30.00 14.67 871.67 5.59 Solved
72.15 176.47 14.66 -0.18 -0.00 -0.20 -0.09 -30.00 14.67 740.71 5.86 Solved
70.82 183.68 14.66 -0.28 -0.00 -0.22 -0.10 -30.00 14.66 604.67 0.37 Solved
68.78 190.72 14.66 -0.39 -0.00 -0.26 -0.12 -30.00 14.66 456.58 0.37 Solved
