32.00 2.00 14.67 0.00 -0.00 0.11 0.05 -12.71 14.67 519.94 1.56 Solved
32.00 9.33 14.67 0.05 -0.00 0.09 0.04 -13.26 14.67 496.31 1.98 Solved
32.39 16.66 14.67 0.10 -0.00 0.07 0.03 -13.85 14.67 487.90 2.99 Solved
33.11 23.95 14.66 0.13 0.00 0.05 0.02 -14.49 14.67 488.35 9.75 Solved
34.09 31.22 14.67 0.16 -0.00 0.05 0.02 -10.18 14.67 491.90 12.73 Solved
35.26 38.46 14.66 0.18 -0.00 0.36 0.17 -53.31 14.67 501.78 13.76 Solved
36.61 45.66 14.66 0.37 0.00 0.29 0.13 -55.60 14.67 843.26 11.58 Solved
39.24 52.51 14.66 0.51 0.00 0.22 0.10 -58.02 14.67 1322.06 13.21 Solved
42.83 58.90 14.67 0.62 0.00 0.15 0.07 -60.58 14.67 1841.06 12.81 Solved
47.11 64.85 14.67 0.70 0.00 0.07 0.03 -63.27 14.67 2314.12 15.49 Solved
51.82 70.47 14.67 0.73 -0.00 -0.00 -0.00 -66.09 14.67 2670.96 15.43 Solved
56.73 75.92 14.67 0.73 -0.00 -0.19 -0.09 -30.00 14.67 2860.95 20.40 Solved
61.64 81.37 14.67 0.64 -0.00 -0.18 -0.08 -30.00 14.67 2509.62 21.12 Solved
66.00 87.27 14.67 0.55 -0.00 -0.16 -0.07 -30.00 14.67 2221.03 25.98 Solved
69.82 93.53 14.67 0.47 0.00 -0.15 -0.07 -30.00 14.67 1981.88 27.79 Solved
73.11 100.08 14.67 0.39 0.00 -0.14 -0.06 -30.00 14.67 1781.77 19.12 Solved
75.91 106.86 14.67 0.32 0.00 -0.13 -0.06 -30.00 14.67 1612.58 22.19 Solved
78.21 113.82 14.67 0.25 0.00 -0.13 -0.06 -30.00 14.67 1467.87 15.58 Solved
80.05 120.91 14.67 0.19 0.00 -0.12 -0.06 -30.00 14.67 1342.45 16.13 Solved
81.44 128.12 14.67 0.13 -0.00 -0.12 -0.05 -30.00 14.67 1232.14 14.10 Solved
82.37 135.39 14.67 0.07 -0.00 -0.12 -0.05 -30.00 14.67 1133.43 15.76 Solved
82.87 142.70 14.67 0.01 -0.00 -0.12 -0.05 -30.00 14.67 1043.29 8.34 Solved
82.93 150.04 14.67 -0.05 -0.00 -0.12 -0.06 -30.00 14.67 959.03 3.22 Solved
82.54 157.36 14.67 -0.11 -0.00 -0.13 -0.06 -30.00 14.67 878.07 3.07 Solved
81.70 164.64 14.66 -0.18 -0.00 -0.14 -0.06 -30.00 14.67 797.80 3.15 Solved
80.40 171.86 14.66 -0.25 -0.00 -0.15 -0.07 -30.00 14.67 715.36 3.29 Solved
78.61 178.97 14.66 -0.32 -0.00 -0.16 -0.07 -30.00 14.67 627.38 3.09 Solved
76.30 185.93 14.66 -0.40 -0.00 -0.19 -0.08 -30.00 14.67 529.71 3.07 Solved
73.44 192.68 14.66 -0.49 -0.00 -0.22 -0.10 -30.00 14.66 417.18 3.26 Solved
69.96 199.13 14.66 -0.61 -0.38 -0.21 -0.10 194.69 14.99 285.84 37.82 Max-Iter
