14.00 2.00 14.67 0.00 -0.01 -0.01 -0.00 0.01 14.66 2280.00 0.23 Acceptable
14.00 7.87 14.66 -0.00 -0.01 -0.00 -0.00 0.01 14.66 2221.33 0.21 Acceptable
13.99 13.73 14.66 -0.00 -0.01 -0.00 -0.00 0.02 14.65 2162.69 0.16 Solved
13.97 19.59 14.65 -0.00 -0.02 -0.00 -0.00 0.02 14.65 2104.06 0.15 Solved
13.95 25.45 14.65 -0.00 -0.02 -0.00 -0.00 0.03 14.64 2045.45 0.14 Solved
13.94 31.31 14.64 -0.00 -0.03 -0.00 -0.00 0.04 14.63 1986.87 0.15 Solved
13.92 37.17 14.63 -0.00 -0.06 -0.00 -0.00 0.05 14.61 1928.32 0.16 Solved
13.90 43.02 14.60 -0.01 -0.31 -0.04 -0.02 0.14 14.49 1869.81 0.16 Solved
13.87 48.86 14.48 -0.02 2.00 -0.17 -0.08 0.64 15.68 1811.41 0.24 Infeasible
13.76 54.65 15.28 -0.09 -0.19 -0.01 -0.01 0.71 15.00 1753.51 0.15 Solved
13.21 60.74 15.20 -0.09 -0.16 -0.00 -0.00 0.95 14.97 1692.72 0.17 Solved
12.64 66.79 15.14 -0.10 -0.16 -0.00 -0.00 1.22 14.93 1632.37 0.16 Solved
12.06 72.82 15.08 -0.10 -0.14 0.00 0.00 1.50 14.89 1572.43 0.16 Solved
11.49 78.82 15.02 -0.10 -0.12 0.00 0.00 1.81 14.86 1512.89 0.16 Solved
10.92 84.80 14.97 -0.10 -0.11 0.00 0.00 2.15 14.83 1453.77 0.17 Solved
10.35 90.77 14.93 -0.09 -0.09 0.00 0.00 2.52 14.81 1395.09 0.15 Solved
9.78 96.71 14.89 -0.09 -0.08 0.00 0.00 2.92 14.79 1336.85 0.17 Solved
9.22 102.64 14.86 -0.09 -0.07 0.00 0.00 3.35 14.77 1279.11 0.16 Solved
8.67 108.56 14.83 -0.09 -0.06 0.00 0.00 3.84 14.76 1221.91 0.16 Solved
8.12 114.47 14.81 -0.09 -0.05 0.00 0.00 4.37 14.74 1165.32 0.16 Solved
7.58 120.36 14.79 -0.09 -0.05 0.01 0.00 4.96 14.73 1109.46 0.16 Solved
7.05 126.26 14.77 -0.09 -0.04 0.01 0.00 5.61 14.72 1054.45 0.15 Solved
6.53 132.14 14.75 -0.08 -0.04 0.01 0.00 6.33 14.71 1000.47 0.13 Solved
6.03 138.02 14.73 -0.08 -0.04 0.01 0.01 7.14 14.70 947.74 0.14 Solved
5.56 143.89 14.72 -0.08 -0.05 0.02 0.01 8.00 14.68 896.54 0.16 Solved
5.11 149.77 14.70 -0.07 -0.08 0.04 0.02 8.87 14.66 847.19 0.15 Solved
4.73 155.63 14.67 -0.05 -0.16 0.09 0.04 9.52 14.60 799.98 0.14 Solved
4.44 161.49 14.60 -0.01 -0.26 0.14 0.06 9.81 14.53 754.78 0.14 Solved
4.38 167.33 14.50 0.05 -0.09 0.15 0.07 9.83 14.53 710.14 0.14 Solved
4.64 173.13 14.46 0.10 0.09 0.13 0.06 9.65 14.57 663.65 0.17 Solved
5.24 178.88 14.50 0.15 0.11 0.09 0.04 9.19 14.60 613.11 0.17 Solved
6.14 184.61 14.54 0.19 0.09 0.06 0.03 8.35 14.62 557.25 0.18 Solved
7.25 190.32 14.58 0.22 0.07 0.04 0.02 6.91 14.64 495.80 0.14 Solved
8.50 196.02 14.61 0.23 0.06 0.02 0.01 4.41 14.65 428.69 0.15 Solved
9.85 201.70 14.63 0.24 2.00 0.17 0.08 171.64 15.69 355.52 0.29 Infeasible
11.26 207.39 15.43 0.31 2.00 0.17 0.08 135.55 16.13 275.62 0.18 Infeasible
