14.00 2.00 14.67 0.00 -0.07 -0.00 -0.00 0.02 14.62 228.00 0.36 Acceptable
14.00 7.87 14.64 -0.00 -0.11 -0.00 -0.00 0.02 14.58 222.13 0.35 Acceptable
14.00 13.72 14.59 -0.00 -0.20 -0.00 -0.00 0.03 14.49 216.28 0.32 Acceptable
13.99 19.56 14.51 -0.00 -0.73 -0.03 -0.01 0.40 14.10 210.44 0.32 Solved
13.98 25.37 14.22 -0.01 -0.11 -0.14 -0.06 2.16 14.44 204.64 0.26 Solved
13.90 31.05 14.18 -0.07 0.64 -0.05 -0.02 1.79 14.89 198.95 0.38 Solved
13.50 36.71 14.44 -0.09 0.24 -0.01 -0.00 1.66 14.72 193.31 0.32 Solved
12.98 42.46 14.53 -0.09 0.13 -0.00 -0.00 1.87 14.69 187.64 0.34 Solved
12.45 48.25 14.58 -0.09 0.09 0.00 0.00 2.14 14.69 182.00 0.32 Solved
11.91 54.06 14.62 -0.09 0.06 0.00 0.00 2.43 14.68 176.42 0.34 Solved
11.38 59.88 14.64 -0.09 0.04 0.00 0.00 2.73 14.69 170.92 0.32 Solved
10.85 65.71 14.66 -0.09 0.03 0.01 0.00 3.05 14.69 165.52 0.35 Solved
10.33 71.56 14.67 -0.09 0.02 0.01 0.00 3.39 14.68 160.25 0.33 Solved
9.82 77.40 14.68 -0.08 0.02 0.01 0.00 3.74 14.68 155.11 0.34 Solved
9.34 83.26 14.69 -0.08 0.01 0.01 0.00 4.10 14.68 150.13 0.33 Solved
8.86 89.11 14.69 -0.08 0.00 0.01 0.01 4.47 14.68 145.34 0.35 Solved
8.42 94.97 14.69 -0.07 -0.00 0.01 0.01 4.84 14.68 140.75 0.35 Solved
8.00 100.83 14.69 -0.07 -0.00 0.02 0.01 5.21 14.68 136.38 0.33 Solved
7.61 106.70 14.69 -0.06 -0.01 0.02 0.01 5.55 14.67 132.26 0.33 Solved
7.27 112.57 14.69 -0.05 -0.01 0.03 0.01 5.86 14.67 128.38 0.36 Solved
6.98 118.43 14.68 -0.04 -0.01 0.03 0.01 6.11 14.67 124.76 0.34 Solved
6.74 124.30 14.68 -0.03 -0.01 0.03 0.02 6.29 14.66 121.37 0.38 Solved
6.58 130.17 14.67 -0.01 -0.01 0.04 0.02 6.37 14.66 118.19 0.35 Solved
6.49 136.04 14.67 0.00 -0.01 0.04 0.02 6.34 14.66 115.13 0.32 Solved
6.50 141.91 14.66 0.02 -0.00 0.04 0.02 6.18 14.67 112.11 0.37 Solved
6.60 147.77 14.66 0.04 0.00 0.04 0.02 5.86 14.67 109.01 0.35 Solved
6.81 153.63 14.67 0.05 0.01 0.04 0.02 5.36 14.68 105.67 0.33 Solved
7.12 159.49 14.67 0.07 0.02 0.04 0.02 4.61 14.68 101.93 0.34 Solved
7.53 165.34 14.68 0.09 0.02 0.04 0.02 3.58 14.69 97.61 0.33 Solved
8.05 171.19 14.69 0.10 0.02 0.03 0.01 2.23 14.69 92.54 0.35 Solved
8.64 177.04 14.70 0.11 0.02 0.01 0.01 0.92 14.69 86.59 0.33 Solved
9.31 182.88 14.70 0.12 0.00 -0.00 -0.00 0.13 14.68 79.70 0.53 Acceptable
