14.00 2.00 14.67 0.00 0.00 0.00 0.00 130.14 14.67 2.28 0.18 Solved
14.00 7.87 14.67 0.00 -0.00 0.00 0.00 124.28 14.67 2.22 0.15 Solved
14.00 13.73 14.67 0.00 -0.00 0.00 0.00 118.42 14.67 2.16 0.12 Solved
14.00 19.60 14.67 0.00 -0.00 0.00 0.00 112.56 14.67 2.10 0.15 Solved
14.00 25.47 14.67 0.00 0.00 0.00 0.00 106.70 14.67 2.05 0.13 Solved
14.00 31.33 14.67 0.00 0.00 0.00 0.00 100.85 14.67 1.99 0.12 Solved
14.00 37.20 14.67 0.00 -0.00 0.00 0.00 94.99 14.67 1.93 0.12 Solved
14.00 43.07 14.67 0.00 -0.00 0.00 0.00 89.14 14.67 1.87 0.13 Solved
14.00 48.93 14.67 0.00 -0.00 0.00 0.00 83.28 14.67 1.81 0.12 Solved
14.00 54.80 14.67 0.00 -0.00 0.00 0.00 77.43 14.67 1.75 0.14 Solved
14.00 60.67 14.67 0.00 -0.00 0.00 0.00 71.59 14.67 1.69 0.12 Solved
14.00 66.53 14.67 0.00 -0.00 0.00 0.00 65.74 14.67 1.63 0.12 Solved
14.00 72.40 14.67 0.00 -0.00 0.00 0.00 59.90 14.67 1.58 0.12 Solved
14.00 78.27 14.67 0.00 -0.00 0.00 0.00 54.07 14.67 1.52 0.13 Solved
14.00 84.13 14.67 0.00 -0.00 0.00 0.00 48.24 14.67 1.46 0.11 Solved
14.00 90.00 14.67 0.00 -0.00 0.00 0.00 42.43 14.67 1.40 0.15 Solved
14.00 95.87 14.67 0.00 -0.00 0.00 0.00 36.63 14.67 1.34 0.11 Solved
14.00 101.73 14.67 0.00 -0.00 0.00 0.00 30.86 14.67 1.28 0.15 Solved
14.00 107.60 14.67 0.00 -0.00 0.00 0.00 25.13 14.67 1.22 0.11 Solved
14.00 113.47 14.67 0.00 -0.00 0.00 0.00 19.48 14.67 1.17 0.13 Solved
14.00 119.33 14.67 0.00 -0.00 0.00 0.00 14.02 14.67 1.11 0.11 Solved
14.00 125.20 14.67 0.00 -0.00 0.00 0.00 9.07 14.67 1.05 0.14 Solved
14.00 131.07 14.67 0.00 0.00 0.00 0.00 6.07 14.67 0.99 0.11 Solved
14.00 136.93 14.67 0.00 -0.00 0.00 0.00 7.77 14.67 0.93 0.13 Solved
14.00 142.80 14.67 0.00 0.00 0.00 0.00 12.35 14.67 0.87 0.11 Solved
14.00 148.67 14.67 0.00 -0.00 0.00 0.00 17.71 14.67 0.81 0.12 Solved
14.00 154.53 14.67 0.00 -0.00 0.00 0.00 23.32 14.67 0.75 0.11 Solved
14.00 160.40 14.67 0.00 0.00 0.00 0.00 29.03 14.67 0.70 0.13 Solved
14.00 166.27 14.67 0.00 0.00 0.00 0.00 34.79 14.67 0.64 0.12 Solved
14.00 172.13 14.67 0.00 -0.00 0.00 0.00 40.58 14.67 0.58 0.13 Solved
14.00 178.00 14.67 0.00 -0.00 0.00 0.00 46.39 14.67 0.52 0.11 Solved
14.00 183.87 14.67 0.00 0.00 0.00 0.00 52.21 14.67 0.46 0.13 Solved
14.00 189.73 14.67 0.00 -0.00 0.00 0.00 58.04 14.67 0.40 0.11 Solved
14.00 195.60 14.67 0.00 -0.00 0.00 0.00 63.88 14.67 0.34 0.12 Solved
14.00 201.47 14.67 0.00 -0.00 0.00 0.00 69.73 14.67 0.29 0.11 Solved
14.00 207.33 14.67 0.00 0.00 0.00 0.00 75.57 14.67 0.23 0.12 Solved
