32.00 2.00 14.67 0.00 -0.00 -0.00 -0.00 0.00 14.67 519.84 1.86 Solved
32.00 9.33 14.67 -0.00 -0.00 -0.13 -0.06 15.60 14.67 487.08 3.69 Solved
32.00 16.67 14.67 -0.07 0.00 -0.11 -0.05 16.29 14.67 469.29 3.38 Solved
31.52 23.98 14.67 -0.12 0.00 -0.09 -0.04 17.05 14.67 473.76 13.09 Solved
30.64 31.26 14.67 -0.16 0.00 -0.07 -0.03 17.88 14.67 490.79 18.81 Solved
29.44 38.50 14.67 -0.20 -0.02 -0.24 -0.11 47.24 14.66 512.35 23.81 Solved
28.01 45.69 14.66 -0.32 0.01 -0.25 -0.11 55.49 14.67 718.24 24.85 Solved
25.72 52.65 14.66 -0.44 0.00 -0.21 -0.09 57.94 14.67 1060.32 21.77 Solved
22.59 59.28 14.67 -0.54 0.00 -0.16 -0.07 60.53 14.67 1468.83 28.60 Solved
18.80 65.56 14.67 -0.63 0.00 -0.12 -0.06 63.25 14.67 1905.38 26.70 Solved
14.51 71.51 14.67 -0.69 0.00 -0.08 -0.04 66.12 14.67 2334.97 30.45 Solved
9.86 77.18 14.67 -0.73 -0.00 -0.04 -0.02 69.11 14.67 2726.43 26.61 Solved
4.99 82.66 14.67 -0.75 -0.00 0.00 0.00 72.23 14.67 3052.75 23.67 Solved
0.00 88.04 14.67 -0.75 -0.00 0.00 0.00 75.46 14.67 3291.42 31.28 Solved
-4.98 93.43 14.67 -0.75 -0.00 0.24 0.11 30.00 14.67 3558.71 36.15 Solved
-9.96 98.81 14.67 -0.62 -0.00 0.22 0.10 30.00 14.67 3055.04 35.23 Solved
-14.25 104.76 14.66 -0.51 -0.00 0.20 0.09 30.00 14.67 2646.20 35.30 Solved
-17.85 111.14 14.66 -0.41 0.00 0.19 0.09 30.00 14.67 2311.58 24.72 Solved
-20.78 117.86 14.66 -0.32 0.00 0.18 0.08 30.00 14.67 2035.20 23.02 Solved
-23.06 124.83 14.66 -0.23 0.00 0.16 0.08 30.00 14.67 1804.54 23.16 Solved
-24.73 131.97 14.66 -0.15 0.00 0.16 0.07 30.00 14.67 1609.73 7.63 Solved
-25.81 139.22 14.66 -0.07 0.00 0.15 0.07 30.00 14.67 1442.91 8.21 Solved
-26.31 146.54 14.66 0.01 -0.00 0.15 0.07 30.00 14.67 1297.71 8.07 Solved
-26.26 153.87 14.66 0.08 -0.00 0.15 0.07 30.00 14.67 1168.82 5.35 Solved
-25.67 161.18 14.66 0.15 -0.00 0.15 0.07 30.00 14.67 1051.69 3.15 Solved
-24.55 168.43 14.66 0.23 -0.00 0.15 0.07 30.00 14.67 942.18 3.28 Solved
-22.89 175.57 14.66 0.30 -0.00 0.16 0.07 30.00 14.67 836.32 3.16 Solved
-20.70 182.57 14.66 0.38 -0.00 0.17 0.08 30.00 14.67 729.91 1.50 Solved
-17.96 189.37 14.66 0.47 -0.00 0.19 0.09 30.00 14.67 618.26 1.46 Solved
-14.65 195.91 14.66 0.56 -0.00 0.22 0.10 30.00 14.66 495.79 1.67 Solved
-10.73 202.10 14.66 0.68 -0.00 0.27 0.12 30.00 14.66 356.31 1.77 Solved
