14.00 2.00 14.67 0.00 -0.00 0.00 0.00 0.00 14.67 519.84 0.15 Solved
14.00 9.33 14.67 0.00 0.00 0.00 0.00 0.00 14.67 486.94 0.09 Solved
14.00 16.67 14.67 0.00 0.00 0.00 0.00 0.00 14.67 455.11 0.09 Solved
14.00 24.00 14.67 0.00 0.00 0.00 0.00 0.00 14.67 424.36 0.09 Solved
14.00 31.33 14.67 0.00 -0.00 0.00 0.00 0.00 14.67 394.68 0.09 Solved
14.00 38.67 14.67 0.00 -0.00 0.00 0.00 0.00 14.67 366.08 0.08 Solved
14.00 46.00 14.67 0.00 -0.00 0.00 0.00 -0.00 14.67 338.56 1.57 Solved
14.00 53.33 14.67 0.00 -0.01 0.16 0.07 -20.44 14.66 312.33 1.19 Solved
14.00 60.67 14.66 0.08 -0.01 0.29 0.13 -30.00 14.66 307.08 1.31 Solved
14.57 67.97 14.66 0.22 0.00 0.29 0.13 -30.00 14.66 427.65 1.74 Solved
16.17 75.13 14.66 0.36 0.01 0.19 0.09 -30.00 14.67 708.48 1.40 Solved
18.78 81.98 14.66 0.46 0.00 0.10 0.05 -30.00 14.67 1013.81 1.27 Solved
22.03 88.55 14.67 0.51 0.00 0.04 0.02 -30.00 14.67 1258.80 1.53 Solved
25.61 94.95 14.67 0.53 0.00 -0.01 -0.01 -30.00 14.67 1428.68 1.41 Solved
29.32 101.27 14.67 0.52 -0.00 -0.06 -0.03 -30.00 14.67 1518.33 1.39 Solved
32.98 107.63 14.67 0.49 -0.00 -0.10 -0.05 -30.00 14.67 1528.27 1.69 Solved
36.46 114.09 14.67 0.44 -0.00 -0.14 -0.06 -30.00 14.67 1463.13 1.34 Solved
39.60 120.71 14.67 0.38 -0.00 -0.13 -0.06 -30.00 14.67 1329.87 1.30 Solved
42.29 127.53 14.67 0.31 -0.00 -0.13 -0.06 -30.00 14.67 1212.41 1.55 Solved
44.52 134.52 14.67 0.24 -0.00 -0.13 -0.06 -30.00 14.67 1106.84 1.20 Solved
46.30 141.63 14.67 0.18 -0.00 -0.13 -0.06 -30.00 14.67 1009.78 1.15 Solved
47.60 148.85 14.66 0.11 -0.00 -0.14 -0.06 -30.00 14.67 918.09 1.22 Solved
48.43 156.13 14.66 0.05 -0.00 -0.14 -0.06 -30.00 14.67 828.71 1.39 Solved
48.77 163.46 14.66 -0.03 -0.00 -0.15 -0.07 -30.00 14.67 738.38 1.32 Solved
48.58 170.79 14.66 -0.10 -0.00 -0.17 -0.08 -30.00 14.67 643.41 1.34 Solved
47.83 178.08 14.66 -0.19 -0.00 -0.19 -0.09 -30.00 14.67 539.31 1.43 Solved
46.47 185.28 14.66 -0.28 -3.32 -0.15 -0.07 -30.00 11.98 443.70 1.45 Solved
44.41 192.32 13.00 -0.36 -4.00 -0.11 -0.04 -30.00 9.30 403.97 1.58 Solved
42.13 198.41 11.00 -0.41 -4.00 -0.07 -0.02 -30.00 6.61 405.71 1.60 Solved
39.91 203.44 9.00 -0.45 -4.00 -0.03 -0.01 -30.00 3.92 452.34 1.55 Solved
37.97 207.50 7.00 -0.46 -4.00 -0.00 -0.00 -29.34 1.24 546.55 1.55 Solved
36.41 210.63 5.00 -0.46 -4.00 0.00 0.00 -24.95 0.00 690.34 1.39 Solved
35.29 212.87 3.00 -0.46 -4.00 -0.00 -0.00 -22.47 0.00 893.21 1.23 Solved
34.63 214.21 1.00 -0.46 -4.00 0.00 0.00 -20.98 -0.00 1190.46 0.17 Solved
34.40 214.66 -1.00 -0.46 -4.00 -0.00 0.00 -19.48 -0.00 1600.29 0.20 Solved
