14.00 2.00 14.67 0.00 -0.00 0.00 0.00 0.00 14.67 519.84 0.16 Solved
14.00 9.33 14.67 0.00 0.00 0.00 0.00 0.00 14.67 486.94 0.09 Solved
14.00 16.67 14.67 0.00 0.00 0.00 0.00 -0.00 14.67 455.11 1.54 Solved
14.00 24.00 14.67 0.00 -0.00 0.00 0.00 -0.00 14.67 424.36 1.67 Solved
14.00 31.33 14.67 0.00 -0.00 0.07 0.03 -9.18 14.67 394.73 1.30 Solved
14.00 38.67 14.67 0.04 0.00 0.11 0.05 -16.81 14.67 370.76 1.35 Solved
14.27 45.99 14.67 0.09 0.00 0.09 0.04 -18.74 14.67 368.35 3.39 Solved
14.96 53.29 14.67 0.14 -0.01 0.13 0.06 -29.14 14.66 380.86 3.16 Solved
15.97 60.56 14.66 0.21 -0.02 0.34 0.16 -30.00 14.66 444.04 3.53 Solved
17.48 67.73 14.65 0.38 0.01 0.32 0.15 -30.00 14.66 785.88 3.16 Solved
20.17 74.54 14.66 0.54 0.01 0.21 0.09 -30.00 14.67 1333.23 2.98 Solved
23.92 80.84 14.66 0.64 0.01 0.06 0.03 -30.00 14.67 1859.96 2.89 Solved
28.29 86.73 14.67 0.67 -0.00 -0.01 -0.00 -30.00 14.67 2152.22 3.42 Solved
32.85 92.47 14.67 0.66 -0.00 -0.08 -0.03 -30.00 14.67 2299.16 3.22 Solved
37.37 98.25 14.67 0.63 -0.00 -0.12 -0.06 -30.00 14.67 2294.49 3.05 Solved
41.68 104.18 14.67 0.57 -0.00 -0.16 -0.07 -30.00 14.67 2175.17 3.46 Solved
45.61 110.37 14.66 0.49 -0.00 -0.17 -0.08 -30.00 14.67 1980.69 2.61 Solved
49.04 116.85 14.66 0.40 -0.00 -0.16 -0.07 -30.00 14.67 1759.96 2.53 Solved
51.91 123.60 14.66 0.32 0.00 -0.15 -0.07 -30.00 14.67 1573.04 3.03 Solved
54.23 130.56 14.66 0.24 -0.00 -0.15 -0.07 -30.00 14.67 1412.50 3.11 Solved
56.00 137.67 14.66 0.17 -0.00 -0.15 -0.07 -30.00 14.67 1272.28 3.09 Solved
57.24 144.90 14.66 0.10 -0.00 -0.14 -0.07 -30.00 14.67 1147.35 2.99 Solved
57.95 152.20 14.66 0.02 -0.00 -0.15 -0.07 -30.00 14.67 1033.31 2.68 Solved
58.13 159.53 14.66 -0.05 -0.00 -0.15 -0.07 -30.00 14.67 926.17 2.86 Solved
57.77 166.85 14.66 -0.12 -0.00 -0.16 -0.07 -30.00 14.67 822.02 1.30 Solved
56.87 174.13 14.66 -0.20 -0.00 -0.17 -0.08 -30.00 14.67 716.74 1.36 Solved
55.38 181.31 14.66 -0.29 -0.00 -0.19 -0.09 -30.00 14.67 605.61 1.36 Solved
53.29 188.33 14.66 -0.39 -3.32 -0.15 -0.07 -30.00 11.98 506.11 1.56 Solved
50.53 195.12 13.00 -0.46 -4.00 -0.11 -0.04 -30.00 9.30 465.14 1.71 Solved
47.63 200.94 11.00 -0.52 -4.00 -0.07 -0.02 -30.00 6.61 467.15 1.61 Solved
44.91 205.72 9.00 -0.55 -4.00 -0.03 -0.01 -30.00 3.92 514.72 1.62 Solved
42.55 209.56 7.00 -0.57 -4.00 -0.00 -0.00 -30.00 1.24 609.15 1.46 Solved
40.66 212.50 5.00 -0.57 -4.00 0.00 0.00 -26.24 0.00 754.97 1.29 Solved
39.31 214.61 3.00 -0.57 -4.00 -0.00 -0.00 -23.82 0.00 960.50 1.24 Solved
38.50 215.87 1.00 -0.57 -4.00 0.00 0.00 -22.35 -0.00 1258.51 0.21 Solved
38.23 216.29 -1.00 -0.57 -4.00 -0.00 0.00 -20.86 -0.00 1668.38 0.21 Solved
