14.00 2.00 14.67 0.00 0.00 0.00 0.00 0.00 14.67 0.52 1.00 Solved
14.47 8.64 14.33 0.00 0.42 0.00 0.00 -0.37 14.66 0.86 0.68 Solved
13.99 15.76 14.63 -0.00 0.05 -0.00 -0.00 0.28 14.67 0.46 0.38 Solved
13.30 23.17 15.15 -0.01 -0.59 -0.00 -0.00 0.91 14.67 1.18 0.41 Solved
13.06 31.57 14.57 -0.01 0.12 0.00 0.00 1.33 14.67 0.42 0.24 Solved
14.16 38.09 15.03 -0.03 -0.45 0.00 0.00 2.19 14.67 0.79 0.30 Solved
13.62 46.35 15.42 -0.04 -0.93 0.00 0.00 2.99 14.68 2.16 0.28 Solved
13.09 54.09 14.32 -0.03 0.42 -0.00 -0.00 2.88 14.66 0.70 0.30 Solved
13.96 60.57 13.54 -0.03 1.39 0.00 0.00 2.35 14.65 4.36 0.27 Solved
13.68 68.24 14.16 -0.03 0.63 -0.00 -0.00 2.55 14.66 1.10 0.30 Solved
13.36 74.82 14.81 -0.04 -0.18 -0.00 -0.00 3.63 14.67 0.31 1.26 Solved
13.61 82.22 14.97 -0.05 -0.39 -0.19 -0.09 20.79 14.67 0.77 1.12 Solved
12.78 90.60 15.01 -0.13 -0.43 -0.28 -0.13 34.91 14.67 1.12 1.19 Solved
11.87 99.35 14.98 -0.28 -0.38 -0.22 -0.10 39.06 14.67 1.03 1.12 Solved
10.17 106.75 13.63 -0.39 1.29 -0.20 -0.09 44.45 14.66 4.43 1.42 Solved
7.55 113.04 14.27 -0.50 0.49 -0.10 -0.05 47.74 14.66 1.68 1.48 Solved
4.15 119.31 14.52 -0.55 0.18 -0.00 -0.00 51.42 14.66 1.53 1.31 Solved
0.36 125.50 14.61 -0.55 0.07 0.00 0.00 55.52 14.67 1.63 1.20 Solved
-3.45 131.74 14.64 -0.55 0.03 0.10 0.05 45.00 14.67 1.97 1.18 Solved
-7.27 137.98 14.66 -0.50 0.01 0.11 0.05 45.00 14.67 1.98 1.13 Solved
-10.76 144.43 14.66 -0.44 0.00 0.12 0.06 45.00 14.67 1.99 1.27 Solved
-13.88 151.06 14.66 -0.38 0.00 0.13 0.06 45.00 14.67 2.00 1.21 Solved
-16.59 157.87 14.66 -0.31 -0.00 0.15 0.07 45.00 14.67 2.00 1.22 Solved
-18.84 164.85 14.66 -0.24 -0.00 0.16 0.07 45.00 14.67 2.01 1.28 Solved
-20.57 171.98 14.66 -0.16 -0.00 0.18 0.08 45.00 14.67 2.02 1.16 Solved
-21.73 179.22 14.66 -0.07 -0.00 0.20 0.09 45.00 14.66 2.04 0.28 Solved
-22.24 186.53 14.66 0.03 -0.00 0.22 0.10 45.00 14.66 2.08 0.38 Solved
-22.02 193.86 14.66 0.14 -0.00 0.26 0.12 45.00 14.66 2.15 0.39 Solved
-20.99 201.12 14.66 0.27 -0.01 0.31 0.14 45.00 14.66 2.29 0.33 Solved
-19.02 208.18 14.65 0.43 -0.02 0.41 0.18 45.00 14.66 2.65 0.52 Solved
-15.98 214.84 14.64 0.63 -0.39 0.55 0.25 -110.69 14.47 5.57 5.26 Max-Iter
