14.00 2.00 14.67 0.00 0.00 0.00 0.00 0.00 14.67 0.52 0.35 Solved
14.00 9.33 14.67 0.00 0.00 0.00 0.00 0.00 14.67 0.49 0.71 Solved
14.00 16.67 14.67 0.00 0.00 0.00 0.00 0.00 14.67 0.46 0.47 Solved
14.00 24.00 14.67 0.00 0.00 0.00 0.00 0.00 14.67 0.42 0.47 Solved
14.00 31.33 14.67 0.00 0.00 0.00 0.00 0.00 14.67 0.39 0.60 Solved
14.00 38.67 14.67 0.00 0.00 0.00 0.00 0.00 14.67 0.37 0.52 Solved
14.00 46.00 14.67 0.00 0.00 0.00 0.00 0.00 14.67 0.34 0.40 Solved
14.00 53.33 14.67 0.00 0.00 0.00 0.00 0.00 14.67 0.31 0.39 Solved
14.00 60.67 14.67 0.00 0.00 0.00 0.00 0.00 14.67 0.29 0.41 Solved
14.00 68.00 14.67 0.00 0.00 0.00 0.00 0.00 14.67 0.26 0.51 Solved
14.00 75.33 14.67 0.00 -0.00 -0.00 -0.00 -0.00 14.67 0.24 2.67 Solved
14.00 82.67 14.67 -0.00 -0.02 0.22 0.10 -19.29 14.66 0.53 2.14 Solved
