32.00 2.00 14.67 0.00 0.00 -0.00 -0.00 0.00 14.67 519.84 4.44 Solved
32.00 9.33 14.67 -0.00 0.00 -0.00 -0.00 0.00 14.67 486.94 6.49 Solved
32.00 16.67 14.67 -0.00 -0.00 -0.18 -0.08 21.55 14.67 455.38 6.15 Solved
32.00 24.00 14.66 -0.09 -0.00 -0.15 -0.07 22.53 14.67 450.37 5.43 Solved
31.35 31.30 14.66 -0.16 0.00 -0.12 -0.06 23.61 14.67 486.35 5.19 Solved
30.16 38.54 14.66 -0.22 0.00 -0.09 -0.04 24.78 14.67 546.03 16.04 Solved
28.53 45.69 14.66 -0.27 -0.01 -0.28 -0.13 57.88 14.66 614.07 23.92 Solved
26.57 52.75 14.66 -0.41 0.01 -0.25 -0.11 63.13 14.67 956.21 36.44 Solved
23.64 59.47 14.66 -0.53 0.01 -0.20 -0.09 65.82 14.67 1410.86 26.83 Solved
19.90 65.78 14.67 -0.64 0.00 -0.16 -0.07 68.63 14.67 1928.26 26.35 Solved
15.54 71.68 14.67 -0.72 0.00 -0.12 -0.05 71.55 14.67 2468.33 30.60 Solved
10.72 77.20 14.67 -0.78 0.00 -0.08 -0.04 74.57 14.67 2994.79 27.74 Solved
5.57 82.42 14.67 -0.82 -0.00 -0.04 -0.02 77.68 14.67 3475.25 27.44 Solved
0.22 87.44 14.67 -0.84 -0.00 0.00 0.00 80.87 14.67 3881.34 19.32 Solved
-5.23 92.35 14.67 -0.84 -0.00 0.27 0.12 30.00 14.67 4190.38 14.78 Solved
-10.68 97.26 14.67 -0.70 -0.00 0.25 0.11 30.00 14.67 3561.69 15.75 Solved
-15.41 102.86 14.66 -0.58 -0.00 0.22 0.10 30.00 14.67 3055.06 14.81 Solved
-19.42 109.00 14.66 -0.47 0.00 0.21 0.09 30.00 14.67 2643.77 10.70 Solved
-22.71 115.55 14.66 -0.36 0.00 0.19 0.09 30.00 14.67 2307.11 7.86 Solved
-25.31 122.41 14.66 -0.27 0.00 0.18 0.08 30.00 14.67 2028.97 8.33 Solved
-27.25 129.48 14.66 -0.18 0.00 0.17 0.08 30.00 14.67 1796.72 7.83 Solved
-28.55 136.69 14.66 -0.09 0.00 0.16 0.07 30.00 14.67 1600.43 7.93 Solved
-29.25 143.99 14.66 -0.02 0.00 0.15 0.07 30.00 14.67 1432.16 7.96 Solved
-29.36 151.32 14.66 0.06 -0.00 0.15 0.07 30.00 14.67 1285.43 7.80 Solved
-28.91 158.64 14.66 0.14 -0.00 0.15 0.07 30.00 14.67 1154.86 3.32 Solved
-27.91 165.91 14.66 0.21 -0.00 0.15 0.07 30.00 14.67 1035.76 3.04 Solved
-26.37 173.08 14.66 0.29 -0.00 0.16 0.07 30.00 14.67 923.87 3.16 Solved
-24.30 180.11 14.66 0.37 -0.00 0.16 0.08 30.00 14.67 815.00 1.58 Solved
-21.68 186.96 14.66 0.45 -0.00 0.18 0.08 30.00 14.67 704.68 1.56 Solved
-18.51 193.57 14.66 0.54 -0.00 0.20 0.09 30.00 14.67 587.86 1.50 Solved
-14.76 199.87 14.66 0.64 -0.00 0.24 0.11 30.00 14.66 458.56 1.77 Solved
-10.39 205.76 14.66 0.76 0.09 0.04 0.02 84.78 14.64 311.14 5.72 Max-Iter
-5.36 211.09 14.71 0.78 -5.62 0.50 0.23 -61.80 12.66 521.60 18.57 Max-Iter
-0.21 216.34 11.89 1.03 1.37 0.52 0.19 -53.36 3.20 1148.18 18.20 Max-Iter
4.87 219.42 12.58 1.29 1.98 0.52 0.20 -0.52 4.71 1090.63 18.19 Max-Iter
