14.00 2.00 14.67 0.00 0.00 0.00 0.00 0.00 14.67 0.52 0.41 Solved
14.24 8.98 14.50 0.00 0.21 -0.00 -0.00 -0.18 14.66 0.58 0.50 Solved
13.99 16.21 14.65 -0.00 0.02 0.00 0.00 0.14 14.67 0.46 0.30 Solved
13.65 23.59 14.91 -0.00 -0.30 0.00 0.00 0.45 14.67 0.61 0.25 Solved
13.53 31.45 14.62 -0.01 0.06 -0.00 -0.00 0.66 14.67 0.40 0.32 Solved
14.08 38.38 14.85 -0.02 -0.22 0.00 0.00 1.09 14.67 0.47 0.26 Solved
13.81 46.18 15.04 -0.02 -0.46 -0.00 -0.00 1.49 14.67 0.79 0.28 Solved
13.55 53.72 14.50 -0.02 0.21 0.00 0.00 1.44 14.66 0.41 0.25 Solved
13.98 60.62 14.11 -0.02 0.69 -0.00 -0.00 1.18 14.66 1.31 0.23 Solved
13.84 68.13 14.41 -0.02 0.31 -0.00 -0.00 1.28 14.66 0.47 0.28 Solved
13.68 75.08 14.74 -0.02 -0.09 0.00 0.00 1.82 14.67 0.26 1.22 Solved
13.80 82.45 14.82 -0.02 -0.21 -0.23 -0.11 22.33 14.66 0.64 1.06 Solved
13.39 90.31 14.83 -0.13 -0.21 -0.29 -0.13 35.84 14.67 0.88 1.22 Solved
12.44 98.31 14.82 -0.29 -0.19 -0.23 -0.11 39.34 14.67 0.81 1.28 Solved
10.55 105.53 14.15 -0.40 0.65 -0.18 -0.08 43.24 14.66 1.77 1.30 Solved
8.03 112.24 14.38 -0.49 0.35 -0.15 -0.07 48.95 14.66 1.45 1.27 Solved
4.74 118.28 14.89 -0.57 -0.28 0.00 0.00 52.74 14.67 1.70 1.16 Solved
0.47 124.40 14.55 -0.58 0.14 0.00 0.00 57.03 14.67 1.78 1.28 Solved
-3.67 130.41 14.68 -0.57 -0.02 0.11 0.05 45.00 14.67 2.12 1.18 Solved
-7.93 136.34 14.56 -0.52 0.12 0.12 0.05 45.00 14.66 2.15 1.15 Solved
-11.50 142.16 15.05 -0.46 -0.48 0.13 0.06 45.00 14.67 2.60 1.17 Solved
-14.38 148.57 14.57 -0.40 0.11 0.13 0.06 45.00 14.66 2.09 1.23 Solved
-17.24 155.10 14.81 -0.34 -0.18 0.15 0.07 45.00 14.67 2.18 1.10 Solved
-19.42 161.89 15.03 -0.26 -0.46 0.16 0.07 45.00 14.67 2.52 1.12 Solved
-21.73 169.25 15.36 -0.18 -0.86 0.18 0.09 45.00 14.67 3.70 1.23 Solved
-23.11 176.71 14.71 -0.10 -0.06 0.20 0.09 45.00 14.67 2.15 0.28 Solved
-24.16 183.67 14.70 0.01 -0.05 0.21 0.10 45.00 14.66 2.09 0.33 Solved
-23.98 191.14 14.74 0.11 -0.10 0.24 0.11 45.00 14.66 2.18 0.27 Solved
-23.13 198.36 14.92 0.24 -0.33 0.28 0.13 45.00 14.67 2.42 0.36 Solved
-21.08 205.71 15.02 0.37 -0.46 0.36 0.17 45.00 14.66 2.89 0.36 Solved
-18.37 212.65 14.56 0.55 0.08 0.49 0.22 45.00 14.65 3.14 0.37 Solved
