14.00 2.00 14.67 0.00 0.00 0.00 0.00 0.00 14.67 519.84 0.18 Solved
14.00 9.33 14.67 0.00 -0.00 -0.00 -0.00 0.00 14.67 486.94 1.13 Solved
14.00 16.67 14.67 -0.00 -0.00 -0.00 -0.00 0.00 14.67 455.11 1.34 Solved
14.00 24.00 14.67 -0.00 -0.00 -0.08 -0.04 10.30 14.67 424.42 1.10 Solved
14.00 31.33 14.67 -0.04 -0.00 -0.07 -0.03 10.81 14.67 400.63 2.56 Solved
13.69 38.66 14.67 -0.08 -0.00 -0.06 -0.03 11.37 14.67 386.90 2.75 Solved
13.12 45.97 14.67 -0.11 -0.00 -0.04 -0.02 11.99 14.67 379.26 2.69 Solved
12.34 53.26 14.67 -0.13 0.00 -0.03 -0.01 12.68 14.67 374.19 4.62 Solved
11.41 60.53 14.67 -0.14 0.00 -0.01 -0.01 13.45 14.67 368.60 3.89 Solved
10.37 67.79 14.67 -0.15 0.00 0.00 0.00 14.32 14.67 359.97 3.27 Solved
9.28 75.05 14.67 -0.15 0.00 -0.00 -0.00 15.32 14.67 346.39 12.86 Solved
8.19 82.30 14.67 -0.15 -0.01 -0.24 -0.11 48.71 14.66 335.80 14.47 Solved
7.10 89.55 14.66 -0.27 -0.01 -0.38 -0.17 75.89 14.66 535.74 16.40 Solved
5.13 96.61 14.66 -0.46 -0.00 -0.32 -0.15 80.39 14.66 1085.98 13.63 Solved
1.88 103.18 14.66 -0.62 0.00 -0.27 -0.12 84.26 14.66 1844.05 13.34 Solved
-2.38 109.15 14.66 -0.75 0.00 -0.21 -0.09 88.20 14.67 2737.78 13.18 Solved
-7.39 114.49 14.66 -0.86 0.00 -0.14 -0.06 90.00 14.67 3682.71 15.16 Solved
-12.93 119.30 14.66 -0.93 0.00 -0.08 -0.04 90.00 14.67 4592.31 13.27 Solved
-18.79 123.69 14.66 -0.97 0.00 -0.01 -0.01 90.00 14.67 5382.73 13.17 Solved
-24.82 127.86 14.67 -0.97 -0.00 0.07 0.03 90.00 14.67 5984.47 12.04 Solved
-30.89 131.99 14.66 -0.94 -0.00 0.08 0.04 90.00 14.66 6265.05 8.86 Solved
-36.80 136.31 14.66 -0.90 -0.00 0.09 0.04 90.00 14.66 6519.47 8.93 Solved
-42.55 140.87 14.66 -0.86 -0.00 0.09 0.04 90.00 14.66 6749.74 6.44 Solved
-48.09 145.68 14.66 -0.81 -0.00 0.10 0.05 90.00 14.66 6957.79 4.67 Solved
-53.40 150.73 14.66 -0.76 -0.00 0.11 0.05 90.00 14.66 7145.45 3.26 Solved
-58.45 156.05 14.66 -0.71 -0.00 0.11 0.05 90.00 14.66 7314.43 2.92 Solved
-63.21 161.63 14.66 -0.65 -0.00 0.11 0.05 90.00 14.66 7466.34 1.96 Solved
-67.65 167.46 14.66 -0.59 -0.00 0.12 0.05 90.00 14.66 7602.65 2.01 Solved
-71.75 173.53 14.66 -0.53 -0.00 0.12 0.06 90.00 14.66 7724.76 0.96 Solved
-75.49 179.84 14.66 -0.47 -0.00 0.12 0.06 90.00 14.66 7833.92 1.02 Solved
-78.84 186.36 14.66 -0.41 -0.00 0.13 0.06 90.00 14.66 7931.33 0.12 Solved
-81.78 193.08 14.66 -0.35 -0.00 0.13 0.06 90.00 14.66 8018.06 0.13 Solved
-84.29 199.97 14.66 -0.29 -0.00 0.13 0.06 90.00 14.66 8095.12 0.13 Solved
-86.36 207.00 14.66 -0.22 -0.00 0.13 0.06 90.00 14.66 8163.42 0.11 Solved
-87.97 214.15 14.66 -0.16 -0.00 0.13 0.06 90.00 14.66 8223.81 0.12 Solved
-89.10 221.40 14.66 -0.09 -0.00 0.13 0.06 90.00 14.66 8277.07 0.11 Solved
-89.76 228.70 14.66 -0.02 -0.00 0.13 0.06 90.00 14.66 8323.90 0.11 Solved
-89.94 236.03 14.66 0.04 -0.00 0.13 0.06 90.00 14.66 8364.96 0.12 Solved
-89.62 243.35 14.66 0.11 -0.00 0.13 0.06 90.00 14.66 8400.84 0.12 Solved
-88.82 250.64 14.66 0.18 -0.00 0.13 0.06 90.00 14.66 8432.07 0.12 Solved
-87.53 257.86 14.66 0.24 0.00 0.13 0.06 90.00 14.66 8459.15 0.12 Solved
-85.76 264.97 14.66 0.31 0.00 0.13 0.06 90.00 14.66 8482.52 0.13 Solved
-83.51 271.95 14.66 0.38 0.00 0.13 0.06 90.00 14.66 8502.60 0.12 Solved
-80.81 278.76 14.66 0.45 0.00 0.13 0.06 90.00 14.66 8519.73 0.11 Solved
-77.64 285.38 14.66 0.51 0.00 0.13 0.06 90.00 14.66 8534.26 0.12 Solved
-74.05 291.77 14.66 0.58 0.00 0.13 0.06 90.00 14.66 8546.48 0.12 Solved
-70.03 297.90 14.66 0.65 0.00 0.13 0.06 90.00 14.66 8556.66 0.12 Solved
-65.61 303.75 14.66 0.71 0.00 0.13 0.06 90.00 14.66 8565.05 0.13 Solved
-60.81 309.29 14.66 0.78 0.00 0.13 0.06 90.00 14.66 8571.84 0.14 Solved
-55.65 314.50 14.66 0.85 0.00 0.13 0.06 90.00 14.66 8577.25 0.13 Solved
-50.16 319.35 14.66 0.91 0.00 0.13 0.06 90.00 14.66 8581.44 0.12 Solved
-44.35 323.83 14.66 0.98 0.00 0.13 0.06 90.00 14.66 8584.56 0.12 Solved
-38.26 327.92 14.66 1.05 0.00 0.13 0.06 90.00 14.66 8586.76 0.13 Solved
-31.92 331.59 14.66 1.11 0.00 0.00 0.00 -243.40 14.67 8587.71 5.87 Max-Iter
-25.35 334.84 14.66 1.11 0.02 -0.07 -0.03 -209.02 14.70 9289.04 6.34 Max-Iter
