32.00 2.00 14.67 0.00 0.00 -0.00 -0.00 0.00 14.67 519.84 1.86 Solved
32.00 9.33 14.67 -0.00 -0.00 0.00 0.00 -0.00 14.67 486.94 3.95 Solved
32.00 16.67 14.67 -0.00 -0.00 0.03 0.01 -3.18 14.67 455.12 3.87 Solved
32.00 24.00 14.67 0.01 -0.00 0.02 0.01 -3.33 14.67 424.94 3.46 Solved
32.10 31.33 14.67 0.02 -0.00 0.02 0.01 -3.49 14.67 396.70 5.39 Solved
32.27 38.66 14.67 0.03 0.00 0.01 0.01 -3.68 14.67 370.01 6.59 Solved
32.52 45.99 14.67 0.04 0.00 0.01 0.00 -3.88 14.67 344.53 10.17 Solved
32.81 53.32 14.67 0.04 -0.02 0.25 0.11 -36.95 14.66 320.53 8.53 Solved
33.13 60.65 14.66 0.17 0.01 -0.05 -0.02 -7.53 14.67 387.08 8.13 Solved
34.36 67.87 14.66 0.14 0.00 -0.04 -0.02 -8.03 14.67 342.60 16.56 Solved
35.39 75.13 14.67 0.12 0.00 -0.04 -0.02 -8.59 14.67 305.07 13.72 Solved
36.26 82.41 14.67 0.10 0.00 -0.03 -0.01 -9.24 14.67 273.46 20.89 Solved
37.00 89.71 14.67 0.09 0.00 -0.02 -0.01 -10.00 14.67 247.04 19.64 Solved
37.64 97.01 14.67 0.08 -0.00 -0.01 -0.00 -10.88 14.67 225.44 28.02 Solved
38.22 104.32 14.67 0.07 -0.00 0.00 0.00 -11.94 14.67 208.69 24.00 Solved
38.77 111.64 14.67 0.07 -0.00 0.00 0.00 -13.21 14.67 197.32 26.42 Solved
39.31 118.95 14.67 0.07 -0.00 0.00 0.00 -14.79 14.67 188.32 46.31 Solved
39.86 126.26 14.67 0.07 -0.02 0.30 0.14 -63.42 14.66 182.94 42.76 Solved
40.40 133.58 14.66 0.23 0.01 -0.02 -0.01 -33.48 14.67 413.75 29.74 Solved
42.04 140.72 14.66 0.22 0.00 -0.01 -0.01 -38.75 14.67 435.42 22.18 Solved
43.61 147.88 14.67 0.21 0.00 -0.01 -0.01 -45.59 14.67 471.13 22.56 Solved
45.14 155.05 14.67 0.20 0.00 -0.01 -0.00 -54.50 14.67 525.52 18.30 Solved
46.63 162.23 14.67 0.20 0.00 -0.01 -0.00 -65.92 14.67 605.61 18.33 Solved
48.08 169.42 14.67 0.20 0.00 -0.00 -0.00 -79.76 14.67 722.30 22.98 Solved
49.51 176.61 14.67 0.20 -0.00 -0.02 -0.01 -90.00 14.67 892.92 15.47 Solved
50.93 183.81 14.67 0.18 -0.01 -0.08 -0.03 -90.00 14.66 1099.77 11.32 Solved
52.27 191.02 14.66 0.15 -0.85 -0.31 -0.14 132.56 14.87 1308.95 140.40 Max-Iter
