14.00 2.00 14.67 0.00 -0.00 0.00 0.00 0.00 14.67 228.00 1.40 Solved
14.00 7.87 14.67 0.00 -0.00 -0.00 -0.00 -0.00 14.67 222.13 1.38 Solved
14.00 13.73 14.67 0.00 -0.00 0.00 0.00 -0.00 14.67 216.27 1.25 Solved
14.00 19.60 14.67 0.00 0.00 -0.00 -0.00 0.00 14.67 210.40 1.04 Solved
14.00 25.47 14.67 -0.00 -0.00 -0.00 -0.00 0.00 14.67 204.53 1.18 Solved
14.00 31.33 14.67 -0.00 -0.15 -0.08 -0.03 4.83 14.57 199.11 1.51 Solved
14.00 37.20 14.61 -0.03 1.69 -0.17 -0.08 10.00 15.81 207.87 0.54 Solved
13.82 43.04 15.28 -0.10 0.03 -0.17 -0.08 10.00 15.04 193.16 0.45 Solved
13.21 49.12 15.29 -0.17 -0.24 -0.17 -0.08 10.00 14.87 185.25 0.99 Solved
12.18 55.15 15.20 -0.24 -0.28 -0.11 -0.05 10.00 14.80 177.84 1.09 Solved
10.74 61.06 15.09 -0.28 -0.34 0.09 0.04 10.00 14.76 171.97 0.77 Solved
9.06 66.85 14.95 -0.24 -0.23 0.08 0.04 10.00 14.73 167.35 1.20 Solved
7.62 72.66 14.86 -0.21 -0.16 0.07 0.03 10.00 14.71 163.62 1.32 Solved
6.36 78.47 14.80 -0.19 -0.11 0.06 0.03 10.00 14.69 160.57 1.08 Solved
5.27 84.28 14.75 -0.16 -0.07 0.05 0.02 10.00 14.69 158.11 1.14 Solved
4.32 90.11 14.73 -0.14 -0.05 0.05 0.02 10.00 14.68 156.20 1.08 Solved
3.48 95.94 14.71 -0.12 -0.03 0.04 0.02 10.00 14.67 154.83 1.13 Solved
2.76 101.78 14.69 -0.11 -0.02 0.04 0.02 10.00 14.67 154.03 1.05 Solved
2.13 107.62 14.68 -0.09 -0.02 0.04 0.02 10.00 14.67 153.84 1.04 Solved
1.59 113.47 14.68 -0.08 -0.01 0.03 0.02 10.00 14.67 154.33 1.08 Solved
1.13 119.32 14.67 -0.06 -0.01 0.03 0.02 10.00 14.67 155.58 1.20 Solved
0.75 125.18 14.67 -0.05 -0.00 0.03 0.02 10.00 14.67 157.68 1.11 Solved
0.46 131.04 14.67 -0.04 -0.00 0.03 0.02 10.00 14.67 160.77 0.98 Solved
0.24 136.90 14.67 -0.02 -0.00 0.03 0.02 10.00 14.67 164.98 1.18 Solved
0.10 142.77 14.67 -0.01 -0.00 0.04 0.02 10.00 14.67 170.49 1.16 Solved
0.04 148.64 14.67 0.00 -0.00 0.04 0.02 10.00 14.66 177.50 1.27 Solved
0.07 154.50 14.67 0.02 -0.00 0.04 0.02 10.00 14.66 186.27 1.08 Solved
0.19 160.37 14.66 0.04 -1.17 0.04 0.02 10.00 13.53 203.47 1.23 Solved
0.40 166.23 14.20 0.05 -1.84 0.04 0.02 10.00 12.40 226.34 1.41 Solved
0.70 171.90 13.46 0.07 -2.00 0.04 0.02 10.00 11.34 248.94 1.28 Solved
1.08 177.27 12.66 0.09 -2.00 0.04 0.02 10.00 10.36 271.96 1.33 Solved
1.51 182.32 11.86 0.10 -2.00 0.04 0.02 10.00 9.45 295.92 1.33 Solved
2.00 187.04 11.06 0.12 -2.00 0.04 0.02 10.00 8.61 320.77 1.33 Solved
2.53 191.43 10.26 0.14 -2.00 0.04 0.01 10.00 7.82 346.73 1.29 Solved
3.09 195.49 9.46 0.16 -2.00 0.05 0.01 10.00 7.09 374.12 1.38 Solved
3.68 199.23 8.66 0.17 -2.00 0.05 0.01 10.00 6.40 403.33 1.10 Solved
4.28 202.64 7.86 0.19 -2.00 0.05 0.01 10.00 5.76 434.72 1.31 Solved
4.88 205.73 7.06 0.21 -1.96 0.05 0.01 10.00 5.15 468.60 1.31 Solved
5.47 208.49 6.28 0.23 -1.71 0.05 0.01 10.00 4.62 505.17 1.56 Solved
6.04 210.94 5.59 0.25 -1.49 0.05 0.01 10.00 4.14 545.15 1.21 Solved
6.58 213.10 5.00 0.27 -1.32 0.05 0.01 10.00 3.72 588.20 1.28 Solved
7.11 215.03 4.47 0.28 -1.17 0.05 0.01 10.00 3.34 634.09 1.21 Solved
7.61 216.75 4.00 0.30 -1.04 0.05 0.01 10.00 3.00 682.69 1.27 Solved
8.09 218.28 3.59 0.32 -0.93 0.05 0.01 10.00 2.69 733.96 1.38 Solved
8.54 219.64 3.22 0.34 -0.83 0.05 0.00 10.00 2.42 787.85 1.07 Solved
8.97 220.85 2.89 0.36 -0.74 0.05 0.00 10.00 2.17 844.37 1.31 Solved
9.37 221.94 2.59 0.38 -0.67 0.05 0.00 10.00 1.95 903.53 0.91 Solved
9.75 222.90 2.32 0.39 -0.60 0.05 0.00 10.00 1.75 965.36 0.92 Solved
10.11 223.76 2.08 0.41 -0.54 0.05 0.00 10.00 1.57 1029.89 0.94 Solved
10.44 224.52 1.86 0.43 -0.49 0.05 0.00 10.00 1.40 1097.17 0.98 Solved
10.75 225.20 1.67 0.45 -0.44 0.05 0.00 10.00 1.26 1167.23 1.07 Solved
11.04 225.80 1.49 0.47 -0.40 0.05 0.00 10.00 1.12 1240.10 0.88 Solved
11.31 226.33 1.33 0.49 -0.36 0.05 0.00 10.00 1.00 1315.79 1.45 Solved
11.56 226.80 1.19 0.51 -0.33 0.05 0.00 10.00 0.89 1394.30 1.24 Solved
11.79 227.21 1.05 0.53 -0.30 0.05 0.00 10.00 0.79 1475.57 1.28 Solved
12.01 227.58 0.93 0.55 -0.28 0.05 0.00 10.00 0.69 1559.50 1.29 Solved
12.20 227.90 0.82 0.57 -0.25 0.05 0.00 10.00 0.61 1645.93 1.24 Solved
12.38 228.17 0.72 0.59 -0.23 0.05 0.00 10.00 0.53 1734.58 1.44 Solved
12.54 228.41 0.63 0.60 -0.21 0.04 0.00 10.00 0.46 1825.07 1.54 Solved
12.68 228.62 0.54 0.62 -0.19 0.04 0.00 10.00 0.40 1916.85 1.34 Solved
