32.00 2.00 14.67 0.00 -0.00 0.00 0.00 0.00 14.67 519.84 0.20 Solved
32.00 9.33 14.67 0.00 -0.00 -0.00 -0.00 0.00 14.67 486.94 7.01 Solved
32.00 16.67 14.67 -0.00 -0.02 -0.26 -0.12 33.30 14.66 455.74 6.56 Solved
32.00 24.00 14.66 -0.13 0.01 0.05 0.02 3.41 14.67 480.72 11.79 Solved
31.04 31.27 14.66 -0.10 0.00 0.06 0.03 0.50 14.67 433.65 19.72 Solved
30.28 38.56 14.66 -0.07 0.00 0.09 0.04 -4.21 14.67 387.99 14.63 Solved
29.76 45.87 14.67 -0.03 0.00 0.08 0.04 -6.78 14.67 344.65 21.29 Solved
29.55 53.20 14.67 0.01 0.00 0.07 0.03 -7.18 14.67 312.68 23.77 Solved
29.63 60.54 14.67 0.05 0.00 0.05 0.02 -7.62 14.67 290.47 22.18 Solved
29.96 67.86 14.67 0.07 0.00 0.04 0.02 -8.12 14.67 274.62 21.64 Solved
30.49 75.18 14.67 0.09 0.00 0.03 0.01 -8.69 14.67 262.17 31.23 Solved
31.17 82.48 14.67 0.11 0.00 0.01 0.01 -9.35 14.67 250.63 33.86 Solved
31.94 89.77 14.67 0.11 -0.00 -0.00 -0.00 -10.12 14.67 237.98 32.25 Solved
32.77 97.06 14.67 0.11 -0.00 -0.00 -0.00 -11.01 14.67 222.75 29.13 Solved
33.59 104.34 14.67 0.11 -0.00 -0.00 -0.00 -12.08 14.67 209.44 33.31 Solved
34.42 111.63 14.67 0.11 -0.00 0.00 0.00 -13.38 14.67 198.26 36.50 Solved
35.24 118.92 14.67 0.11 -0.00 0.00 0.00 -14.98 14.67 189.48 41.87 Solved
36.06 126.20 14.67 0.11 -0.00 0.09 0.04 -31.18 14.67 183.56 36.09 Solved
36.89 133.49 14.67 0.16 -0.00 0.08 0.03 -35.57 14.67 237.01 36.89 Solved
38.05 140.73 14.67 0.20 0.00 0.06 0.03 -41.16 14.67 309.86 26.00 Solved
39.48 147.92 14.67 0.23 0.00 0.05 0.02 -48.34 14.67 401.24 16.65 Solved
41.14 155.07 14.67 0.25 0.00 0.03 0.01 -57.56 14.67 511.80 11.90 Solved
42.96 162.17 14.67 0.27 0.00 0.02 0.01 -69.13 14.67 644.32 8.94 Solved
44.89 169.24 14.67 0.27 0.00 0.00 0.00 -82.76 14.67 804.66 5.37 Solved
46.87 176.30 14.67 0.27 -0.00 -0.04 -0.02 -90.00 14.67 1003.48 5.21 Solved
48.86 183.36 14.67 0.26 -0.03 -0.47 -0.21 -30.00 14.66 1220.54 5.57 Solved
