14.00 2.00 14.67 0.00 -0.00 0.00 0.00 0.00 14.67 519.84 0.16 Solved
14.00 9.33 14.67 0.00 -0.00 -0.00 -0.00 0.00 14.67 486.94 1.66 Solved
14.00 16.67 14.67 -0.00 0.00 -0.00 -0.00 0.00 14.67 455.11 1.70 Solved
14.00 24.00 14.67 -0.00 -0.00 -0.08 -0.04 10.30 14.67 424.42 1.49 Solved
14.00 31.33 14.67 -0.04 -0.00 -0.07 -0.03 10.81 14.67 400.63 3.71 Solved
13.69 38.66 14.67 -0.08 -0.00 -0.06 -0.03 11.37 14.67 386.90 3.56 Solved
13.12 45.97 14.67 -0.11 0.00 -0.04 -0.02 11.99 14.67 379.27 3.74 Solved
12.34 53.26 14.67 -0.13 0.00 -0.03 -0.01 12.68 14.67 374.19 6.36 Solved
11.41 60.53 14.67 -0.14 0.00 -0.01 -0.01 13.45 14.67 368.60 6.06 Solved
10.37 67.79 14.67 -0.15 0.00 -0.00 -0.00 14.33 14.67 359.97 4.85 Solved
9.28 75.05 14.67 -0.15 0.00 0.00 0.00 15.32 14.67 346.39 16.97 Solved
8.19 82.30 14.67 -0.15 -0.01 -0.24 -0.11 48.72 14.66 335.81 19.98 Solved
7.09 89.55 14.66 -0.27 -0.01 -0.38 -0.17 75.90 14.66 535.81 21.88 Solved
5.13 96.61 14.66 -0.46 0.00 -0.32 -0.15 80.35 14.67 1086.18 23.10 Solved
1.88 103.18 14.66 -0.62 0.00 -0.27 -0.12 84.23 14.67 1844.76 19.32 Solved
-2.38 109.15 14.66 -0.75 0.00 -0.21 -0.09 88.17 14.67 2738.97 18.67 Solved
-7.39 114.49 14.66 -0.86 0.02 -0.27 -0.12 30.00 14.66 3687.27 23.60 Solved
-12.93 119.30 14.67 -0.99 0.00 -0.00 -0.00 30.00 14.66 5097.25 20.72 Solved
-19.07 123.31 14.67 -0.99 -0.01 0.21 0.10 30.00 14.67 5608.57 19.13 Solved
-25.21 127.33 14.67 -0.88 -0.01 0.35 0.16 30.00 14.67 5245.52 18.18 Solved
-30.88 131.98 14.66 -0.71 -0.00 0.32 0.15 30.00 14.67 4366.25 14.10 Solved
-35.65 137.55 14.66 -0.55 -0.00 0.30 0.14 30.00 14.67 3657.50 18.30 Solved
-39.46 143.81 14.66 -0.40 0.00 0.28 0.13 30.00 14.67 3082.42 13.62 Solved
-42.30 150.57 14.66 -0.26 0.00 0.26 0.12 30.00 14.67 2611.92 12.96 Solved
-44.17 157.66 14.66 -0.13 0.00 0.24 0.11 30.00 14.67 2222.94 8.87 Solved
-45.12 164.93 14.66 -0.01 0.00 0.23 0.11 30.00 14.67 1897.04 9.09 Solved
-45.17 172.26 14.66 0.11 -0.00 0.23 0.10 30.00 14.67 1619.24 5.36 Solved
-44.36 179.54 14.66 0.22 -0.00 0.23 0.10 30.00 14.67 1377.09 5.25 Solved
-42.73 186.69 14.66 0.34 -0.00 0.23 0.10 30.00 14.67 1159.79 5.39 Solved
-40.30 193.61 14.66 0.45 -0.00 0.24 0.11 30.00 14.66 957.40 2.71 Solved
-37.09 200.20 14.66 0.57 -0.00 0.26 0.12 30.00 14.66 760.10 2.84 Solved
-33.12 206.36 14.66 0.70 -0.00 0.30 0.14 30.00 14.66 557.70 2.71 Solved
-28.37 211.94 14.66 0.86 -4.00 0.15 0.07 30.00 9.30 443.59 0.34 Solved
-22.84 216.75 12.66 0.93 -4.00 0.07 0.03 30.00 3.99 633.72 0.37 Solved
-17.75 220.52 10.66 0.97 -4.00 0.03 0.01 30.00 0.00 1130.35 0.29 Solved
-13.36 223.54 8.66 0.98 -4.00 0.01 0.00 30.00 0.00 2096.30 0.21 Solved
-9.77 225.95 6.66 0.99 -4.00 0.00 0.00 29.92 0.00 3663.34 0.33 Solved
-6.99 227.78 4.66 0.99 -4.00 0.00 0.00 27.86 0.00 5884.59 0.21 Solved
-5.05 229.07 2.66 0.99 -4.00 0.00 0.00 25.86 0.00 8814.94 0.23 Solved
-3.94 229.80 0.66 0.99 -4.00 -0.00 -0.00 23.79 -0.00 12467.99 0.20 Solved
-3.67 229.98 -1.34 0.99 -4.00 -0.00 0.00 21.60 -0.00 16831.28 0.19 Solved
