14.00 2.00 14.67 0.00 -0.00 0.12 0.05 -14.45 14.67 519.96 1.45 Solved
14.00 9.33 14.66 0.06 0.00 0.13 0.06 -20.45 14.67 498.90 1.55 Solved
14.44 16.65 14.67 0.13 0.00 0.11 0.05 -21.34 14.67 510.23 3.49 Solved
15.37 23.93 14.67 0.18 0.00 0.09 0.04 -22.32 14.67 543.40 3.61 Solved
16.71 31.14 14.67 0.23 0.00 0.07 0.03 -23.38 14.67 587.80 3.78 Solved
18.37 38.28 14.67 0.26 -0.00 0.04 0.02 -26.81 14.67 634.05 3.77 Solved
20.27 45.36 14.67 0.28 -0.00 0.03 0.01 -28.19 14.67 668.69 5.61 Solved
22.31 52.41 14.67 0.30 -0.00 0.03 0.01 -29.70 14.67 706.76 4.42 Solved
24.46 59.42 14.67 0.31 -0.01 0.15 0.07 -30.00 14.66 747.57 4.82 Solved
26.71 66.40 14.66 0.38 0.01 0.13 0.06 -30.00 14.67 971.67 5.17 Solved
29.46 73.19 14.67 0.45 0.00 0.05 0.02 -30.00 14.67 1231.91 4.93 Solved
32.64 79.80 14.67 0.48 0.00 0.00 0.00 -30.00 14.67 1410.10 7.40 Solved
36.01 86.31 14.67 0.48 -0.00 -0.04 -0.02 -30.00 14.67 1513.77 8.38 Solved
39.38 92.83 14.67 0.46 -0.00 -0.07 -0.03 -30.00 14.67 1549.93 7.82 Solved
42.63 99.40 14.67 0.42 -0.00 -0.10 -0.04 -30.00 14.67 1526.08 7.53 Solved
45.65 106.08 14.67 0.38 -0.00 -0.12 -0.06 -30.00 14.67 1450.34 6.95 Solved
48.35 112.90 14.67 0.31 -0.00 -0.12 -0.05 -30.00 14.67 1331.29 6.90 Solved
50.62 119.87 14.67 0.26 -0.00 -0.12 -0.05 -30.00 14.67 1226.39 8.90 Solved
52.47 126.97 14.67 0.20 -0.00 -0.12 -0.05 -30.00 14.67 1132.42 11.46 Solved
53.91 134.16 14.67 0.14 -0.00 -0.12 -0.05 -30.00 14.67 1046.60 6.84 Solved
54.93 141.42 14.67 0.08 -0.00 -0.12 -0.05 -30.00 14.67 966.44 7.23 Solved
55.54 148.73 14.67 0.02 -0.01 0.03 0.01 -30.00 14.66 889.89 7.63 Solved
55.71 156.06 14.66 0.04 0.01 -0.02 -0.01 -30.00 14.67 1074.99 7.44 Solved
55.99 163.38 14.67 0.03 0.00 -0.07 -0.03 -30.00 14.66 1218.12 4.96 Solved
56.22 170.71 14.67 -0.00 -0.00 -0.10 -0.05 -30.00 14.66 1302.96 4.85 Solved
56.20 178.05 14.66 -0.05 -0.00 -0.14 -0.06 -30.00 14.66 1344.05 4.10 Solved
55.81 185.37 14.66 -0.12 -0.00 -0.19 -0.09 -30.00 14.66 1338.57 4.52 Solved
54.91 192.64 14.66 -0.22 -3.33 -0.22 -0.10 -30.00 11.98 1290.69 3.11 Solved
53.33 199.80 13.00 -0.33 -4.00 -0.24 -0.10 -30.00 9.29 1213.43 2.70 Solved
51.25 205.96 11.00 -0.45 -4.00 -0.17 -0.06 -30.00 6.61 1086.05 3.11 Solved
48.88 210.92 9.00 -0.53 -4.00 -0.11 -0.03 -30.00 3.92 1056.51 3.36 Solved
46.59 214.80 7.00 -0.59 -4.00 -0.07 -0.01 -30.00 1.24 1109.72 3.22 Solved
44.65 217.71 5.00 -0.62 -4.00 -0.03 -0.00 -30.00 0.00 1233.90 2.74 Solved
43.19 219.74 3.00 -0.64 -4.00 -0.01 -0.00 -30.00 0.00 1453.93 2.46 Solved
42.30 220.94 1.00 -0.64 -4.00 -0.00 -0.00 -29.45 -0.00 1779.21 2.37 Solved
42.01 221.34 -1.00 -0.64 -4.00 -0.00 0.00 -27.56 -0.00 2203.74 2.05 Solved
