32.00 2.00 14.67 0.00 -0.00 -0.00 -0.00 0.00 14.67 519.84 1.69 Solved
32.00 9.33 14.67 -0.00 0.00 0.00 0.00 -0.00 14.67 486.94 1.96 Solved
32.00 16.67 14.67 -0.00 0.00 0.00 0.00 -0.00 14.67 455.11 6.45 Solved
32.00 24.00 14.67 0.00 -0.00 0.00 0.00 -0.00 14.67 424.36 13.63 Solved
32.00 31.33 14.67 0.00 -0.00 0.00 0.00 -0.00 14.67 394.68 19.54 Solved
32.00 38.67 14.67 0.00 0.00 0.00 0.00 -0.00 14.67 366.08 18.58 Solved
32.00 46.00 14.67 0.00 -0.00 0.00 0.00 -0.00 14.67 338.56 24.31 Solved
32.00 53.33 14.67 0.00 -0.00 0.00 0.00 -0.00 14.67 312.11 28.72 Solved
32.00 60.67 14.67 0.00 0.00 0.00 0.00 -0.00 14.67 286.74 31.93 Solved
32.00 68.00 14.67 0.00 -0.00 0.00 0.00 -0.00 14.67 262.44 36.90 Solved
32.00 75.33 14.67 0.00 -0.00 0.00 0.00 -0.00 14.67 239.22 35.34 Solved
32.00 82.67 14.67 0.00 -0.00 0.00 0.00 -0.00 14.67 217.07 36.28 Solved
32.00 90.00 14.67 0.00 0.00 0.00 0.00 -0.00 14.67 196.00 33.38 Solved
32.00 97.33 14.67 0.00 0.00 0.00 0.00 -0.00 14.67 176.00 36.96 Solved
32.00 104.67 14.67 0.00 -0.00 0.00 0.00 -0.00 14.67 157.08 40.74 Solved
32.00 112.00 14.67 0.00 0.00 0.00 0.00 -0.00 14.67 139.24 41.26 Solved
32.00 119.33 14.67 0.00 -0.00 -0.00 -0.00 -0.00 14.67 122.47 42.80 Solved
32.00 126.67 14.67 0.00 -0.00 0.00 0.00 -0.00 14.67 106.78 42.85 Solved
32.00 134.00 14.67 0.00 -0.00 -0.00 -0.00 -0.00 14.67 92.16 32.28 Solved
32.00 141.33 14.67 0.00 -0.00 -0.00 -0.00 -0.00 14.67 78.62 34.28 Solved
32.00 148.67 14.67 0.00 0.00 0.00 0.00 -0.00 14.67 66.15 16.43 Solved
32.00 156.00 14.67 0.00 -0.00 0.00 0.00 -0.00 14.67 54.76 12.63 Solved
32.00 163.33 14.67 0.00 0.00 -0.00 -0.00 -0.00 14.67 44.44 9.19 Solved
32.00 170.67 14.67 0.00 0.00 -0.00 -0.00 -0.00 14.67 35.20 8.45 Solved
32.00 178.00 14.67 0.00 -0.00 0.00 0.00 -0.00 14.67 27.04 8.60 Solved
