32.00 2.00 14.67 0.00 0.00 -0.00 -0.00 0.00 14.67 519.84 4.30 Solved
32.00 9.33 14.67 -0.00 0.00 -0.00 -0.00 0.00 14.67 486.94 4.28 Solved
32.00 16.67 14.67 -0.00 -0.00 -0.00 -0.00 0.00 14.67 455.11 4.07 Solved
32.00 24.00 14.67 -0.00 0.00 -0.00 -0.00 0.00 14.67 424.36 4.17 Solved
32.00 31.33 14.67 -0.00 -0.00 -0.00 -0.00 0.00 14.67 394.68 8.11 Solved
32.00 38.67 14.67 -0.00 -0.01 -0.27 -0.12 33.40 14.67 366.70 11.49 Solved
32.00 46.00 14.66 -0.13 0.00 0.16 0.07 -6.41 14.67 398.45 13.50 Solved
31.01 53.27 14.66 -0.06 0.00 0.13 0.06 -6.78 14.67 324.95 16.52 Solved
30.60 60.59 14.66 0.01 0.00 0.10 0.04 -7.20 14.67 287.08 19.05 Solved
30.66 67.92 14.67 0.05 -0.01 0.13 0.06 -21.45 14.66 270.02 37.74 Solved
31.06 75.24 14.66 0.12 0.01 0.15 0.07 -28.69 14.67 283.31 33.50 Solved
31.95 82.52 14.67 0.19 0.00 0.12 0.06 -30.71 14.67 341.58 33.06 Solved
33.36 89.71 14.67 0.26 0.00 0.10 0.04 -33.00 14.67 427.99 31.67 Solved
35.22 96.81 14.67 0.30 0.00 0.07 0.03 -35.61 14.67 531.42 29.54 Solved
37.42 103.80 14.67 0.34 0.00 0.05 0.02 -38.59 14.67 642.02 33.56 Solved
39.86 110.72 14.67 0.36 -0.00 0.02 0.01 -42.03 14.67 751.20 32.01 Solved
42.48 117.57 14.67 0.38 -0.00 -0.00 -0.00 -45.99 14.67 851.52 30.26 Solved
45.18 124.39 14.67 0.38 -0.00 0.00 0.00 -50.57 14.67 936.65 35.16 Solved
47.87 131.21 14.67 0.38 -0.00 -0.12 -0.06 -30.00 14.67 1043.53 28.03 Solved
50.57 138.03 14.67 0.32 -0.00 -0.13 -0.06 -30.00 14.67 957.50 24.26 Solved
52.85 145.00 14.67 0.25 -0.00 -0.13 -0.06 -30.00 14.67 874.80 18.80 Solved
54.68 152.10 14.66 0.19 -0.00 -0.14 -0.06 -30.00 14.67 792.71 14.15 Solved
56.04 159.30 14.66 0.12 -0.00 -0.15 -0.07 -30.00 14.67 708.26 10.91 Solved
56.91 166.58 14.66 0.04 -0.00 -0.17 -0.08 -30.00 14.67 617.94 7.74 Solved
57.22 173.91 14.66 -0.04 -0.00 -0.19 -0.09 -30.00 14.67 517.39 8.13 Solved
56.92 181.23 14.66 -0.14 -0.00 -0.23 -0.11 -30.00 14.66 401.28 5.10 Solved
55.93 188.50 14.66 -0.25 -1.13 -0.36 -0.16 -82.36 14.18 277.38 64.74 Max-Iter
