32.00 2.00 14.67 0.00 0.00 0.00 0.00 -0.00 14.67 519.84 1.91 Solved
32.00 9.33 14.67 0.00 -0.00 0.09 0.04 -11.02 14.67 487.01 1.92 Solved
32.00 16.67 14.67 0.05 -0.00 0.08 0.04 -11.51 14.67 462.16 3.08 Solved
32.34 23.99 14.67 0.08 0.00 0.06 0.03 -12.05 14.67 448.93 5.98 Solved
32.96 31.30 14.67 0.12 -0.00 0.33 0.15 -48.85 14.67 443.42 13.27 Solved
33.81 38.58 14.66 0.28 -0.00 0.28 0.13 -50.95 14.67 641.34 17.75 Solved
35.83 45.63 14.66 0.42 0.00 0.22 0.10 -53.17 14.67 972.80 16.19 Solved
38.81 52.33 14.66 0.53 0.00 0.17 0.08 -55.54 14.67 1375.69 22.02 Solved
42.51 58.66 14.67 0.61 0.00 0.11 0.05 -58.04 14.67 1790.94 20.25 Solved
46.74 64.65 14.67 0.67 0.00 0.06 0.03 -60.69 14.67 2165.88 25.79 Solved
51.29 70.40 14.67 0.70 0.00 -0.00 -0.00 -63.49 14.67 2456.58 25.80 Solved
56.00 76.02 14.67 0.70 0.00 0.00 0.00 -66.42 14.67 2629.46 24.00 Solved
60.72 81.64 14.67 0.70 -0.00 -0.20 -0.09 -30.00 14.67 2824.68 28.06 Solved
65.43 87.25 14.67 0.60 -0.00 -0.18 -0.08 -30.00 14.67 2475.33 32.01 Solved
69.57 93.31 14.67 0.51 -0.00 -0.17 -0.08 -30.00 14.67 2188.17 35.77 Solved
73.14 99.71 14.67 0.43 0.00 -0.15 -0.07 -30.00 14.67 1949.98 33.30 Solved
76.18 106.38 14.67 0.35 0.00 -0.14 -0.07 -30.00 14.67 1750.44 32.30 Solved
78.70 113.27 14.67 0.28 0.00 -0.14 -0.06 -30.00 14.67 1581.45 26.90 Solved
80.71 120.32 14.67 0.21 0.00 -0.13 -0.06 -30.00 14.67 1436.56 24.30 Solved
82.23 127.49 14.67 0.14 -0.00 -0.13 -0.06 -30.00 14.67 1310.57 19.62 Solved
83.28 134.75 14.67 0.08 -0.00 -0.13 -0.06 -30.00 14.67 1199.25 19.65 Solved
83.87 142.06 14.67 0.02 -0.00 -0.13 -0.06 -30.00 14.67 1098.99 11.32 Solved
84.00 149.39 14.67 -0.05 -0.00 -0.13 -0.06 -30.00 14.67 1006.66 7.77 Solved
83.67 156.72 14.67 -0.11 -0.00 -0.13 -0.06 -30.00 14.67 919.36 2.94 Solved
82.87 164.01 14.66 -0.17 -0.00 -0.14 -0.06 -30.00 14.67 834.28 3.15 Solved
81.60 171.23 14.66 -0.24 -0.00 -0.15 -0.07 -30.00 14.67 748.43 3.21 Solved
79.84 178.34 14.66 -0.32 -0.00 -0.16 -0.07 -30.00 14.67 658.41 3.16 Solved
77.56 185.31 14.66 -0.40 -0.00 -0.18 -0.08 -30.00 14.67 560.12 1.46 Solved
74.72 192.07 14.66 -0.49 -0.00 -0.22 -0.10 -30.00 14.66 448.47 1.61 Solved
71.28 198.54 14.66 -0.60 -0.23 -0.22 -0.10 -81.23 14.15 319.60 18.78 Max-Iter
67.15 204.61 14.55 -0.71 -1.28 0.20 0.09 -87.97 13.70 271.52 18.54 Max-Iter
62.43 210.14 13.90 -0.60 0.29 -0.52 -0.23 128.41 16.17 597.32 18.40 Max-Iter
58.49 215.86 14.05 -0.87 -5.91 -0.51 -0.22 -160.48 10.22 663.19 5.41 Max-Iter
53.14 220.42 11.09 -1.12 -6.00 -0.52 -0.18 99.62 4.56 984.61 5.28 Max-Iter
48.15 222.84 8.09 -1.38 -3.54 -0.52 -0.13 112.78 8.74 1063.60 5.35 Max-Iter
44.18 223.61 6.32 -1.64 1.82 0.18 0.04 93.95 0.93 2687.79 5.41 Max-Iter
