32.00 2.00 14.67 0.00 -0.00 0.05 0.02 -5.93 14.67 519.86 1.54 Solved
32.00 9.33 14.67 0.03 0.00 0.04 0.02 -6.19 14.67 489.02 1.55 Solved
32.18 16.66 14.67 0.05 0.00 0.03 0.02 -6.47 14.67 462.33 3.38 Solved
32.52 23.99 14.67 0.06 0.00 0.03 0.01 -6.77 14.67 438.38 3.46 Solved
32.98 31.31 14.67 0.08 0.00 0.02 0.01 -7.11 14.67 415.90 2.94 Solved
33.53 38.62 14.67 0.08 -0.00 0.01 0.00 -7.48 14.67 393.83 3.56 Solved
34.14 45.93 14.67 0.09 -0.00 0.00 0.00 -7.89 14.67 371.33 5.16 Solved
34.79 53.23 14.67 0.09 -0.00 -0.00 -0.00 -8.35 14.67 347.74 5.06 Solved
35.43 60.54 14.67 0.09 -0.00 0.00 0.00 -8.86 14.67 325.60 10.12 Solved
36.07 67.84 14.67 0.09 -0.00 0.00 0.00 -9.45 14.67 304.96 15.93 Solved
36.72 75.15 14.67 0.09 -0.02 -0.14 -0.06 9.78 14.66 286.09 17.89 Solved
37.36 82.45 14.66 0.02 0.01 -0.21 -0.09 22.59 14.67 227.79 15.09 Solved
37.49 89.78 14.66 -0.09 0.00 -0.17 -0.08 24.36 14.67 204.17 30.68 Solved
36.86 97.09 14.67 -0.17 -0.01 -0.20 -0.09 39.80 14.66 236.79 32.20 Solved
35.61 104.31 14.66 -0.27 -1.18 -0.52 -0.24 -26.53 14.29 362.85 23.73 Solved
33.66 111.38 14.07 -0.53 0.74 -0.00 -0.00 48.29 14.67 1019.58 38.50 Solved
30.10 117.45 14.44 -0.53 0.28 -0.00 -0.00 52.54 14.67 1112.61 38.02 Solved
26.44 123.67 14.58 -0.53 0.11 -0.00 -0.00 57.33 14.67 1230.31 37.50 Solved
22.75 129.96 14.63 -0.53 0.04 0.00 0.00 62.70 14.67 1376.20 36.44 Solved
19.04 136.26 14.65 -0.53 0.02 -0.00 -0.00 68.64 14.67 1556.23 27.87 Solved
15.33 142.58 14.66 -0.53 0.01 -0.00 -0.00 75.10 14.67 1778.46 28.01 Solved
11.62 148.90 14.66 -0.53 -0.00 0.26 0.12 30.00 14.67 2054.29 24.54 Solved
7.91 155.23 14.66 -0.40 -0.00 0.25 0.12 30.00 14.67 1730.89 20.16 Solved
5.04 161.98 14.66 -0.27 -0.00 0.25 0.11 30.00 14.67 1449.44 20.04 Solved
3.06 169.03 14.66 -0.15 -0.00 0.26 0.12 30.00 14.66 1196.97 11.67 Solved
1.97 176.28 14.66 -0.02 -0.00 0.27 0.12 30.00 14.66 961.38 10.78 Solved
1.82 183.61 14.66 0.12 -0.00 0.30 0.14 30.00 14.66 730.63 12.48 Solved
2.66 190.89 14.66 0.27 -0.21 -0.13 -0.06 -19.59 14.54 494.68 140.42 Max-Iter
