32.00 2.00 14.67 0.00 -0.00 0.02 0.01 -2.65 14.67 519.84 1.65 Solved
32.00 9.33 14.67 0.01 -0.00 0.02 0.01 -2.77 14.67 487.35 5.55 Solved
32.08 16.67 14.67 0.02 0.00 0.01 0.01 -2.89 14.67 456.55 6.04 Solved
32.23 24.00 14.67 0.03 -0.00 0.22 0.10 -29.16 14.67 427.58 8.96 Solved
32.44 31.33 14.67 0.14 0.00 0.19 0.09 -30.51 14.67 461.13 9.23 Solved
33.46 38.59 14.67 0.23 0.00 0.15 0.07 -31.98 14.67 557.08 7.65 Solved
35.16 45.72 14.67 0.31 0.00 0.11 0.05 -33.58 14.67 687.33 8.70 Solved
37.38 52.71 14.67 0.36 0.00 0.08 0.03 -35.34 14.67 826.53 7.27 Solved
39.99 59.56 14.67 0.40 0.00 0.04 0.02 -37.25 14.67 952.75 8.65 Solved
42.86 66.31 14.67 0.42 -0.00 0.00 0.00 -39.35 14.67 1047.98 21.41 Solved
45.86 73.00 14.67 0.42 -0.00 -0.00 -0.00 -41.66 14.67 1098.47 25.57 Solved
48.86 79.70 14.67 0.42 -0.00 -0.00 -0.00 -44.20 14.67 1159.58 35.09 Solved
51.85 86.39 14.67 0.42 -0.00 0.00 0.00 -46.99 14.67 1232.97 36.91 Solved
54.85 93.09 14.67 0.42 -0.00 -0.00 -0.00 -50.06 14.67 1320.60 46.62 Solved
57.84 99.78 14.67 0.42 -0.00 0.00 0.00 -53.43 14.67 1424.85 45.67 Solved
60.84 106.47 14.67 0.42 -0.00 -0.00 -0.00 -57.12 14.67 1548.59 45.35 Solved
63.83 113.17 14.67 0.42 -0.00 -0.00 -0.00 -61.15 14.67 1695.25 36.51 Solved
66.83 119.86 14.67 0.42 -0.00 0.00 0.00 -65.51 14.67 1868.95 35.88 Solved
69.83 126.55 14.67 0.42 -0.00 0.00 0.00 -70.20 14.67 2074.59 22.84 Solved
72.82 133.25 14.67 0.42 -0.00 -0.22 -0.10 -30.00 14.67 2318.85 19.72 Solved
75.82 139.94 14.66 0.31 -0.00 -0.21 -0.10 -30.00 14.67 2003.38 11.05 Solved
78.04 146.93 14.66 0.20 -0.00 -0.20 -0.09 -30.00 14.67 1738.07 12.21 Solved
79.52 154.11 14.66 0.10 -0.00 -0.20 -0.09 -30.00 14.67 1511.22 11.61 Solved
80.25 161.40 14.66 0.00 -0.00 -0.19 -0.09 -30.00 14.67 1313.14 11.14 Solved
80.27 168.74 14.66 -0.10 -0.00 -0.20 -0.09 -30.00 14.67 1135.57 11.59 Solved
79.57 176.03 14.66 -0.19 -0.00 -0.20 -0.09 -30.00 14.67 971.01 5.37 Solved
78.16 183.23 14.66 -0.30 -0.00 -0.22 -0.10 -30.00 14.67 812.19 5.42 Solved
76.03 190.24 14.66 -0.40 -0.00 -0.24 -0.11 -30.00 14.66 651.50 5.23 Solved
73.15 196.99 14.66 -0.52 -0.00 -0.28 -0.13 -30.00 14.66 480.74 5.32 Solved
