14.00 2.00 14.67 0.00 0.00 -0.00 -0.00 0.09 14.68 520.04 6.76 Max-Iter
14.01 7.87 14.67 0.00 0.03 0.00 0.00 0.08 14.62 495.00 6.46 Max-Iter
14.01 13.73 14.68 0.00 -0.15 0.21 0.10 -19.94 14.61 862.47 6.62 Max-Iter
14.01 19.61 14.62 0.09 -0.12 0.20 0.09 -24.11 14.72 768.13 6.64 Max-Iter
14.52 25.43 14.57 0.17 0.01 0.16 0.07 -25.06 14.68 615.61 6.73 Max-Iter
15.48 31.18 14.58 0.23 0.09 0.13 0.06 -25.89 14.66 505.30 6.46 Max-Iter
16.80 36.86 14.62 0.28 0.07 0.10 0.05 -26.64 14.67 424.61 6.59 Max-Iter
18.44 42.48 14.64 0.32 0.04 0.07 0.03 -27.83 14.67 371.12 6.70 Max-Iter
20.29 48.03 14.66 0.35 0.02 0.03 0.02 -28.92 14.67 338.78 6.66 Max-Iter
22.30 53.54 14.67 0.36 -0.00 0.00 0.00 -30.00 14.67 319.08 6.54 Max-Iter
24.38 59.03 14.67 0.36 -0.04 0.01 0.01 -30.00 14.65 311.57 6.37 Max-Iter
26.46 64.51 14.65 0.37 -0.03 0.13 0.06 -30.00 14.63 542.46 6.63 Max-Iter
28.57 69.98 14.64 0.42 -0.06 0.06 0.03 -30.00 14.65 464.35 6.55 Max-Iter
30.95 75.33 14.61 0.44 0.02 0.01 0.00 -30.00 14.66 448.77 6.60 Max-Iter
33.46 80.60 14.62 0.45 -0.75 0.34 0.15 -30.00 14.25 2528.73 6.71 Max-Iter
36.00 85.87 14.32 0.58 0.16 0.34 0.15 -30.00 14.50 3184.89 6.60 Max-Iter
39.14 90.66 14.38 0.72 0.47 0.08 0.04 -30.00 14.74 2416.24 6.39 Max-Iter
42.93 94.98 14.57 0.75 0.23 -0.06 -0.03 -30.00 14.72 1993.22 6.58 Max-Iter
46.91 99.24 14.66 0.73 0.02 -0.16 -0.07 -29.90 14.56 1870.08 6.57 Max-Iter
50.82 103.61 14.67 0.66 -0.17 -0.12 -0.05 -30.00 14.49 1932.07 6.63 Max-Iter
54.43 108.23 14.60 0.62 0.02 -0.02 -0.01 -30.00 14.55 2354.62 6.83 Max-Iter
57.81 113.00 14.61 0.61 0.20 -0.11 -0.05 -30.00 14.65 2308.71 6.67 Max-Iter
61.14 117.80 14.69 0.56 0.01 -0.20 -0.09 -30.00 14.63 2169.30 6.80 Max-Iter
64.28 122.77 14.69 0.48 0.04 -0.23 -0.11 -29.93 14.61 2112.93 6.54 Max-Iter
67.01 127.97 14.71 0.39 -0.03 -0.22 -0.10 -29.97 14.63 2001.52 6.57 Max-Iter
69.25 133.41 14.70 0.30 0.01 -0.22 -0.10 -29.97 14.62 1962.11 6.54 Max-Iter
70.99 139.02 14.70 0.21 0.04 -0.21 -0.10 -29.99 14.62 1958.13 6.71 Max-Iter
72.24 144.77 14.71 0.13 -0.08 -0.20 -0.09 -30.00 14.63 1981.85 6.74 Max-Iter
73.00 150.60 14.68 0.05 -0.35 -0.09 -0.04 -30.00 14.45 2176.58 6.60 Max-Iter
73.29 156.47 14.54 0.01 -0.45 0.14 0.06 -30.00 14.39 3776.07 6.62 Max-Iter
73.38 162.28 14.36 0.07 0.24 0.16 0.07 -30.00 14.49 4556.66 6.58 Max-Iter
73.78 168.02 14.46 0.13 0.33 -0.07 -0.03 -29.99 14.68 4383.73 6.61 Max-Iter
74.55 173.75 14.59 0.10 0.08 -0.17 -0.08 -30.00 14.59 4447.26 6.69 Max-Iter
75.17 179.55 14.62 0.04 -0.08 -0.23 -0.11 -30.00 14.60 4664.77 6.62 Max-Iter
75.37 185.40 14.59 -0.06 -0.04 -0.25 -0.12 -29.96 14.62 4912.33 6.55 Max-Iter
75.04 191.22 14.58 -0.16 -0.03 -0.29 -0.13 -29.95 14.65 5194.85 6.72 Max-Iter
74.11 196.98 14.57 -0.28 0.00 -0.32 -0.15 -30.00 14.60 5469.01 6.66 Max-Iter
72.52 202.59 14.57 -0.40 -0.06 -0.31 -0.14 -30.00 14.59 5752.68 6.70 Max-Iter
70.23 207.94 14.54 -0.53 -1.56 -0.28 -0.13 -30.00 13.19 6359.93 6.76 Max-Iter
67.29 212.96 13.92 -0.64 -2.00 -0.26 -0.11 -30.00 11.84 7207.91 6.60 Max-Iter
63.96 217.42 13.12 -0.75 -2.00 -0.24 -0.10 -29.99 10.63 7993.10 6.50 Max-Iter
60.39 221.27 12.32 -0.84 -2.00 -0.21 -0.08 -30.00 9.57 8760.00 6.74 Max-Iter
56.71 224.54 11.52 -0.93 -2.00 -0.20 -0.07 -30.00 8.65 9458.74 6.54 Max-Iter
53.02 227.30 10.72 -1.01 -2.00 -0.20 -0.06 -30.00 7.76 10064.91 6.65 Max-Iter
49.39 229.58 9.92 -1.09 -2.00 -0.17 -0.05 -30.00 6.99 10553.91 6.62 Max-Iter
45.88 231.43 9.12 -1.16 -2.00 -0.18 -0.05 -30.00 6.33 73901.86 6.45 Max-Iter
42.54 232.90 8.32 -1.23 -2.00 -0.17 -0.04 -30.00 5.61 71894.79 6.94 Max-Iter
39.41 234.02 7.52 -1.30 -2.00 -0.16 -0.04 -30.00 4.98 69862.32 6.61 Max-Iter
36.52 234.83 6.72 -1.36 -1.97 -0.17 -0.04 -30.00 4.47 67854.57 6.39 Max-Iter
33.89 235.39 5.93 -1.43 -1.79 -0.15 -0.03 -30.00 4.03 65910.55 6.75 Max-Iter
31.54 235.73 5.21 -1.49 -1.53 -0.13 -0.02 -30.00 3.62 64149.02 6.74 Max-Iter
29.46 235.90 4.60 -1.54 -1.39 -0.14 -0.02 -29.98 3.27 62550.68 6.68 Max-Iter
27.63 235.95 4.04 -1.60 -1.18 -0.13 -0.02 -29.97 2.94 61026.51 6.72 Max-Iter
26.01 235.91 3.57 -1.65 -1.07 -0.12 -0.01 -29.91 2.63 59615.51 6.51 Max-Iter
24.59 235.81 3.14 -1.69 -0.92 -0.11 -0.01 -29.99 2.36 58280.87 6.68 Max-Iter
23.34 235.65 2.77 -1.74 -0.65 -0.11 -0.01 -30.00 2.11 57026.32 6.70 Max-Iter
22.25 235.46 2.51 -1.78 -0.66 -0.10 -0.01 -29.99 1.90 55843.31 6.55 Max-Iter
