32.00 2.00 14.67 0.00 0.00 -0.00 -0.00 0.00 14.67 519.84 2.56 Solved
32.00 9.33 14.67 -0.00 -0.00 -0.00 -0.00 0.00 14.67 486.94 2.03 Solved
32.00 16.67 14.67 -0.00 -0.00 0.00 0.00 -0.00 14.67 455.11 3.93 Solved
32.00 24.00 14.67 -0.00 0.00 -0.00 -0.00 0.00 14.67 424.36 6.47 Solved
32.00 31.33 14.67 -0.00 0.00 -0.00 -0.00 0.00 14.67 394.68 6.99 Solved
32.00 38.67 14.67 -0.00 -0.00 -0.10 -0.04 11.96 14.67 366.16 5.70 Solved
32.00 46.00 14.67 -0.05 0.00 -0.08 -0.04 12.62 14.67 346.38 5.96 Solved
31.64 53.32 14.67 -0.09 0.00 -0.06 -0.03 13.34 14.67 339.51 7.86 Solved
30.99 60.63 14.67 -0.12 0.00 -0.05 -0.02 14.16 14.67 340.39 9.10 Solved
30.10 67.91 14.67 -0.15 0.00 -0.03 -0.01 15.08 14.67 344.49 9.43 Solved
29.03 75.16 14.67 -0.16 0.00 -0.02 -0.01 16.12 14.67 347.90 8.51 Solved
27.85 82.40 14.67 -0.17 -0.00 -0.00 -0.00 17.31 14.67 347.39 11.43 Solved
26.60 89.63 14.67 -0.17 -0.00 0.00 0.00 18.69 14.67 340.46 24.52 Solved
25.36 96.85 14.67 -0.17 -0.01 -0.28 -0.13 56.65 14.67 337.55 33.01 Solved
24.12 104.08 14.66 -0.31 -0.00 -0.23 -0.11 60.58 14.67 610.04 36.70 Solved
21.90 111.07 14.66 -0.42 0.00 -0.19 -0.09 64.85 14.67 994.90 32.83 Solved
18.87 117.75 14.66 -0.52 0.00 -0.14 -0.07 69.44 14.67 1455.19 31.39 Solved
15.23 124.11 14.66 -0.59 0.00 -0.10 -0.04 74.32 14.67 1952.51 36.77 Solved
11.15 130.20 14.66 -0.64 0.00 -0.05 -0.02 79.45 14.67 2448.72 32.34 Solved
6.77 136.08 14.66 -0.66 0.00 0.00 0.00 84.75 14.67 2907.40 24.94 Solved
2.26 141.86 14.67 -0.66 0.00 0.00 0.00 90.00 14.67 3295.44 24.89 Solved
-2.25 147.64 14.67 -0.66 -0.00 0.03 0.01 90.00 14.67 3747.66 14.73 Solved
-6.77 153.42 14.67 -0.65 -0.01 0.36 0.16 30.00 14.66 4177.69 11.72 Solved
-11.20 159.26 14.66 -0.47 -0.00 0.34 0.16 30.00 14.66 3461.79 11.33 Solved
-14.51 165.81 14.66 -0.30 -0.00 0.33 0.15 30.00 14.66 2869.46 8.02 Solved
-16.66 172.81 14.66 -0.13 -0.00 0.31 0.14 30.00 14.66 2373.25 8.22 Solved
-17.64 180.08 14.66 0.02 -0.00 0.31 0.14 30.00 14.66 1950.10 7.85 Solved
-17.48 187.40 14.66 0.18 -0.00 0.31 0.14 30.00 14.66 1580.12 8.51 Solved
-16.20 194.62 14.66 0.33 -0.00 0.32 0.15 30.00 14.66 1245.16 5.17 Solved
-13.82 201.55 14.66 0.49 -0.00 0.35 0.16 30.00 14.66 927.57 5.26 Solved
-10.35 208.01 14.65 0.67 -0.15 0.52 0.23 -93.24 15.24 615.11 99.27 Max-Iter
-5.80 213.76 14.58 0.93 -1.57 0.52 0.24 -179.46 12.46 315.01 98.21 Max-Iter
