32.00 2.00 14.67 0.00 -0.00 0.00 0.00 0.00 14.67 519.84 0.24 Solved
32.00 9.33 14.67 0.00 0.00 0.00 0.00 -0.00 14.67 486.94 2.32 Solved
32.00 16.67 14.67 0.00 0.00 -0.00 -0.00 -0.00 14.67 455.11 1.89 Solved
32.00 24.00 14.67 0.00 -0.00 -0.00 -0.00 -0.00 14.67 424.36 1.86 Solved
32.00 31.33 14.67 -0.00 -0.00 0.00 0.00 -0.00 14.67 394.68 3.81 Solved
32.00 38.67 14.67 0.00 0.00 0.00 0.00 -0.00 14.67 366.08 9.71 Solved
32.00 46.00 14.67 0.00 -0.02 0.19 0.09 -25.92 14.66 338.92 14.07 Solved
32.00 53.33 14.66 0.10 0.01 0.24 0.11 -36.89 14.67 343.12 12.29 Solved
32.71 60.63 14.66 0.21 0.01 0.20 0.09 -38.92 14.67 443.96 12.55 Solved
34.27 67.79 14.67 0.31 0.00 0.16 0.07 -41.14 14.67 613.66 20.79 Solved
36.52 74.77 14.67 0.39 0.00 0.12 0.05 -43.58 14.67 821.43 23.31 Solved
39.32 81.55 14.67 0.45 0.00 0.08 0.04 -46.26 14.67 1039.46 30.38 Solved
42.51 88.15 14.67 0.49 -0.00 0.04 0.02 -49.20 14.67 1243.41 29.60 Solved
45.95 94.62 14.67 0.51 -0.00 0.00 0.00 -52.43 14.67 1412.55 34.65 Solved
49.53 101.03 14.67 0.51 -0.00 0.00 0.00 -55.96 14.67 1530.06 56.67 Solved
53.10 107.43 14.67 0.51 -0.00 -0.00 -0.00 -59.82 14.67 1669.08 45.38 Solved
56.67 113.84 14.67 0.51 -0.00 0.00 0.00 -64.00 14.67 1833.40 44.67 Solved
60.24 120.24 14.67 0.51 -0.00 -0.00 -0.00 -68.50 14.67 2027.51 32.89 Solved
63.81 126.65 14.67 0.51 -0.00 0.00 0.00 -73.30 14.67 2256.71 35.90 Solved
67.39 133.05 14.67 0.51 -0.00 -0.24 -0.11 -30.00 14.67 2528.20 31.51 Solved
70.96 139.46 14.66 0.39 -0.00 -0.23 -0.10 -30.00 14.67 2168.69 33.34 Solved
73.73 146.25 14.66 0.27 -0.00 -0.22 -0.10 -30.00 14.67 1868.02 13.62 Solved
75.72 153.30 14.66 0.17 -0.00 -0.21 -0.10 -30.00 14.67 1612.54 14.32 Solved
76.92 160.53 14.66 0.06 -0.00 -0.21 -0.09 -30.00 14.67 1391.07 14.64 Solved
77.37 167.85 14.66 -0.04 -0.00 -0.21 -0.09 -30.00 14.67 1194.07 5.19 Solved
77.05 175.18 14.66 -0.15 -0.00 -0.21 -0.10 -30.00 14.67 1013.03 3.29 Solved
75.98 182.43 14.66 -0.25 -0.00 -0.23 -0.10 -30.00 14.67 839.79 3.72 Solved
74.14 189.53 14.66 -0.37 -0.00 -0.25 -0.11 -30.00 14.66 665.92 3.14 Solved
71.51 196.37 14.66 -0.49 -0.00 -0.30 -0.14 -30.00 14.66 482.53 3.22 Solved
