14.00 2.00 14.67 0.00 -0.11 -0.22 -0.10 20.51 14.61 942.25 12.09 Max-Iter
14.01 7.87 14.62 -0.09 -0.16 -0.20 -0.09 24.07 14.72 827.46 11.87 Max-Iter
13.49 13.69 14.56 -0.17 0.04 -0.18 -0.08 24.49 14.68 665.56 11.96 Max-Iter
12.52 19.43 14.57 -0.24 0.07 -0.11 -0.05 25.11 14.69 539.70 11.54 Max-Iter
11.14 25.10 14.60 -0.28 0.03 -0.10 -0.05 26.56 14.70 474.59 11.92 Max-Iter
9.52 30.71 14.61 -0.32 0.04 -0.07 -0.03 27.47 14.65 418.99 12.80 Max-Iter
7.66 36.25 14.63 -0.35 0.09 -0.03 -0.01 28.58 14.65 383.79 12.86 Max-Iter
5.66 41.75 14.67 -0.36 0.07 0.00 0.00 29.55 14.66 362.33 12.14 Max-Iter
3.58 47.23 14.69 -0.36 -0.03 0.01 0.00 30.00 14.67 346.75 12.14 Max-Iter
1.49 52.73 14.68 -0.36 -0.02 0.01 0.00 30.00 14.67 334.94 11.98 Max-Iter
-0.58 58.22 14.67 -0.36 -0.01 0.02 0.01 30.00 14.66 326.85 12.08 Max-Iter
-2.63 63.72 14.67 -0.35 -0.00 0.02 0.01 30.00 14.66 322.13 12.13 Max-Iter
-4.64 69.24 14.67 -0.34 -0.00 0.03 0.01 30.00 14.66 320.75 11.91 Max-Iter
-6.60 74.76 14.66 -0.33 0.01 0.03 0.01 30.00 14.65 322.87 11.77 Max-Iter
-8.49 80.31 14.67 -0.32 0.06 0.03 0.01 30.00 14.61 330.89 12.09 Max-Iter
-10.32 85.89 14.69 -0.31 -0.10 0.05 0.02 30.00 14.70 341.41 11.97 Max-Iter
-12.09 91.49 14.65 -0.29 -1.46 -0.23 -0.10 30.00 13.82 2118.33 11.87 Max-Iter
-13.75 97.12 14.07 -0.38 -0.27 -0.52 -0.23 30.00 14.25 4391.05 11.91 Max-Iter
-15.84 102.34 13.96 -0.59 0.88 -0.34 -0.15 29.95 14.56 3726.60 11.85 Max-Iter
-18.93 106.99 14.31 -0.72 0.42 0.02 0.01 30.00 14.63 2548.29 11.76 Max-Iter
-22.71 111.29 14.48 -0.71 0.09 0.13 0.06 29.82 14.61 2374.06 11.62 Max-Iter
-26.50 115.66 14.51 -0.66 0.18 0.22 0.10 30.00 14.62 2226.17 11.98 Max-Iter
-30.08 120.24 14.58 -0.57 0.01 0.25 0.11 29.96 14.74 2104.78 11.74 Max-Iter
-33.25 125.14 14.59 -0.48 0.06 0.26 0.12 30.00 14.66 1971.53 11.74 Max-Iter
-35.92 130.33 14.61 -0.37 0.03 0.24 0.11 30.00 14.64 1863.61 12.13 Max-Iter
-38.05 135.77 14.62 -0.28 -0.00 0.22 0.10 30.00 14.65 1814.17 11.39 Max-Iter
-39.65 141.39 14.62 -0.19 -0.01 0.20 0.09 30.00 14.65 1818.83 11.99 Max-Iter
-40.77 147.14 14.62 -0.11 0.10 0.19 0.09 30.00 14.61 1858.15 11.97 Max-Iter
-41.41 152.95 14.66 -0.03 0.00 0.18 0.08 30.00 14.62 1932.58 11.92 Max-Iter
-41.61 158.81 14.66 0.04 -0.20 0.18 0.08 30.00 14.67 2050.60 12.01 Max-Iter
-41.38 164.67 14.58 0.11 -0.04 0.17 0.08 30.00 14.68 2176.50 11.83 Max-Iter
-40.75 170.46 14.56 0.18 0.08 0.17 0.08 30.00 14.66 2332.38 11.88 Max-Iter
-39.71 176.20 14.59 0.25 0.02 0.17 0.08 30.00 14.64 2519.62 11.72 Max-Iter
-38.30 181.86 14.60 0.31 0.01 0.17 0.08 30.00 14.65 2740.56 11.78 Max-Iter
-36.50 187.42 14.61 0.38 -0.01 0.18 0.08 30.00 14.62 2995.84 11.81 Max-Iter
-34.33 192.84 14.61 0.45 -1.56 0.16 0.07 30.00 13.22 3651.97 11.81 Max-Iter
-31.77 198.09 13.98 0.52 -2.00 0.27 0.12 30.00 11.87 4548.33 11.70 Max-Iter
-28.99 202.95 13.18 0.63 -2.00 0.13 0.05 30.00 10.60 5089.51 11.67 Max-Iter
-25.89 207.21 12.38 0.68 -2.00 0.12 0.05 30.00 9.70 5724.61 11.78 Max-Iter
-22.77 211.06 11.58 0.73 -2.00 0.13 0.05 30.00 8.77 6285.56 11.73 Max-Iter
-19.67 214.51 10.78 0.78 -2.00 0.13 0.04 30.00 7.90 6727.39 11.75 Max-Iter
-16.63 217.57 9.98 0.83 -2.00 0.15 0.05 30.00 7.06 7057.05 11.86 Max-Iter
-13.68 220.25 9.18 0.89 -1.98 0.14 0.04 29.68 6.29 7284.82 11.53 Max-Iter
-10.82 222.56 8.39 0.95 -1.98 0.13 0.04 29.63 5.70 7430.60 11.77 Max-Iter
-8.09 224.52 7.60 1.00 -1.96 0.14 0.03 29.63 5.10 7537.90 11.54 Max-Iter
-5.53 226.15 6.81 1.06 -2.00 0.14 0.03 30.00 4.57 7628.13 11.81 Max-Iter
-3.16 227.48 6.01 1.12 -1.93 0.14 0.03 29.97 4.05 7742.52 11.64 Max-Iter
-1.00 228.54 5.24 1.17 -1.70 0.14 0.02 29.99 3.62 7916.25 11.76 Max-Iter
0.93 229.36 4.56 1.23 -1.61 0.15 0.02 29.70 3.32 8218.30 12.01 Max-Iter
2.65 229.97 3.92 1.29 -1.47 0.08 0.01 29.58 2.94 8514.61 11.57 Max-Iter
4.16 230.41 3.33 1.32 -0.91 0.14 0.01 29.69 2.58 8849.63 11.54 Max-Iter
5.45 230.74 2.97 1.38 -0.92 0.15 0.01 29.60 2.22 9297.63 11.66 Max-Iter
