32.00 2.00 14.67 0.00 -0.00 0.00 0.00 -0.00 14.67 519.84 2.20 Solved
32.00 9.33 14.67 0.00 0.00 0.00 0.00 -0.00 14.67 486.94 1.98 Solved
32.00 16.67 14.67 0.00 -0.00 0.00 0.00 -0.00 14.67 455.11 2.02 Solved
32.00 24.00 14.67 0.00 -0.00 0.00 0.00 -0.00 14.67 424.36 1.79 Solved
32.00 31.33 14.67 0.00 0.00 -0.00 -0.00 0.00 14.67 394.68 1.68 Solved
32.00 38.67 14.67 0.00 0.00 0.00 0.00 -0.00 14.67 366.08 1.61 Solved
32.00 46.00 14.67 0.00 0.00 0.00 0.00 -0.00 14.67 338.56 1.72 Solved
32.00 53.33 14.67 0.00 0.00 0.00 0.00 -0.00 14.67 312.11 1.76 Solved
32.00 60.67 14.67 0.00 -0.00 0.00 0.00 -0.00 14.67 286.74 6.00 Solved
32.00 68.00 14.67 0.00 0.00 0.00 0.00 -0.00 14.67 262.44 21.04 Solved
32.00 75.33 14.67 0.00 -0.01 0.45 0.20 -58.33 14.67 240.97 25.01 Solved
32.00 82.67 14.66 0.22 -0.00 0.38 0.17 -61.58 14.67 383.09 37.94 Solved
33.63 89.81 14.66 0.42 0.00 0.31 0.14 -65.04 14.67 797.94 20.34 Solved
36.59 96.52 14.66 0.57 0.00 0.24 0.11 -68.70 14.67 1386.94 20.63 Solved
40.56 102.68 14.66 0.69 0.00 0.16 0.07 -72.56 14.67 2046.56 23.48 Solved
45.23 108.33 14.66 0.77 0.00 0.08 0.04 -76.59 14.67 2678.36 27.81 Solved
50.33 113.60 14.67 0.81 0.00 -0.00 -0.00 -80.76 14.67 3196.24 19.48 Solved
55.64 118.66 14.67 0.81 0.00 -0.00 -0.00 -85.03 14.67 3531.90 25.22 Solved
60.94 123.73 14.67 0.81 -0.01 -0.30 -0.14 -30.00 14.67 3914.87 27.42 Solved
66.25 128.79 14.66 0.66 -0.00 -0.28 -0.13 -30.00 14.67 3298.60 26.19 Solved
70.73 134.59 14.66 0.52 -0.00 -0.26 -0.12 -30.00 14.67 2797.01 20.78 Solved
74.37 140.95 14.66 0.39 0.00 -0.24 -0.11 -30.00 14.67 2385.05 21.51 Solved
77.17 147.73 14.66 0.27 0.00 -0.23 -0.10 -30.00 14.67 2042.84 15.63 Solved
79.12 154.80 14.66 0.15 -0.00 -0.22 -0.10 -30.00 14.67 1754.44 15.91 Solved
80.25 162.04 14.66 0.04 -0.00 -0.22 -0.10 -30.00 14.67 1506.90 11.81 Solved
80.57 169.37 14.66 -0.06 -0.00 -0.21 -0.10 -30.00 14.67 1289.34 11.40 Solved
80.10 176.68 14.66 -0.17 -0.00 -0.22 -0.10 -30.00 14.67 1092.26 12.66 Solved
78.85 183.91 14.66 -0.28 -0.00 -0.23 -0.11 -30.00 14.67 906.75 15.82 Solved
76.82 190.95 14.66 -0.40 -0.00 -0.25 -0.12 -30.00 14.66 723.90 5.20 Solved
73.99 197.71 14.66 -0.52 -0.00 -0.29 -0.13 -30.00 14.66 534.31 5.66 Solved
