32.00 2.00 14.67 0.00 0.00 -0.00 -0.00 0.00 14.67 519.84 7.37 Solved
32.00 9.33 14.67 -0.00 0.00 -0.01 -0.00 1.30 14.67 486.94 13.17 Solved
32.00 16.67 14.67 -0.01 -0.02 -0.30 -0.14 39.87 14.66 456.10 12.36 Solved
31.96 24.00 14.66 -0.16 0.01 -0.31 -0.14 47.96 14.67 505.76 13.45 Solved
30.82 31.24 14.66 -0.31 0.01 0.17 0.08 6.33 14.67 723.25 11.04 Solved
28.58 38.22 14.67 -0.22 0.00 0.14 0.06 6.66 14.67 560.91 10.98 Solved
26.95 45.37 14.67 -0.16 0.00 0.10 0.05 7.03 14.67 452.01 11.35 Solved
25.81 52.61 14.67 -0.11 0.00 0.07 0.03 7.43 14.67 379.70 10.57 Solved
25.03 59.91 14.67 -0.07 -0.00 0.03 0.02 7.89 14.67 331.34 12.55 Solved
24.51 67.22 14.67 -0.05 -0.00 0.00 0.00 8.40 14.67 298.77 11.33 Solved
24.11 74.54 14.67 -0.05 -0.00 -0.00 -0.00 8.99 14.67 278.73 15.02 Solved
23.71 81.87 14.67 -0.05 -0.00 0.00 0.00 9.66 14.67 260.25 19.24 Solved
23.31 89.19 14.67 -0.05 -0.00 0.00 0.00 10.45 14.67 243.43 23.54 Solved
22.91 96.51 14.67 -0.05 -0.00 -0.00 -0.00 11.36 14.67 228.41 29.60 Solved
22.51 103.83 14.67 -0.05 -0.00 -0.00 -0.00 12.45 14.67 215.34 38.11 Solved
22.11 111.16 14.67 -0.05 -0.01 -0.29 -0.13 54.84 14.67 205.21 36.70 Acceptable
21.71 118.48 14.66 -0.20 0.00 0.13 0.06 13.10 14.67 408.44 27.81 Solved
20.24 125.66 14.66 -0.14 0.00 0.11 0.05 14.83 14.67 312.32 19.76 Solved
19.25 132.93 14.66 -0.08 0.00 0.08 0.04 17.08 14.67 245.69 18.65 Solved
18.64 140.23 14.67 -0.04 0.00 0.05 0.02 20.10 14.67 202.12 11.84 Solved
18.32 147.56 14.67 -0.02 0.00 0.03 0.01 24.34 14.67 177.47 11.78 Solved
18.20 154.89 14.67 -0.00 0.00 -0.00 -0.00 30.63 14.67 170.75 10.44 Solved
18.17 162.22 14.67 -0.00 0.00 0.00 0.00 40.60 14.67 185.23 11.15 Solved
18.15 169.56 14.67 -0.00 -0.00 0.09 0.04 30.00 14.67 210.09 10.70 Solved
18.13 176.89 14.67 0.04 -0.00 0.14 0.06 30.00 14.67 179.47 10.43 Solved
