14.00 2.00 14.67 0.00 0.00 0.00 0.00 -0.00 14.67 228.00 2.69 Solved
14.00 7.87 14.67 0.00 -0.00 -0.00 -0.00 0.00 14.67 222.13 2.54 Solved
14.00 13.73 14.67 -0.00 -2.00 0.17 0.08 158.94 13.20 253.63 1.08 Infeasible
14.00 19.60 13.87 0.07 -2.00 0.17 0.08 154.44 13.07 262.92 0.65 Infeasible
14.39 25.13 13.07 0.14 -2.00 0.17 0.07 149.79 13.20 32622.29 1.19 Infeasible
15.11 30.31 12.27 0.21 -2.00 0.17 0.07 145.10 13.07 32560.26 1.05 Infeasible
16.13 35.11 11.47 0.28 -2.00 0.17 0.06 140.44 12.27 32475.68 1.19 Infeasible
17.40 39.52 10.67 0.35 -2.00 0.17 0.06 135.40 13.07 32322.16 1.29 Infeasible
18.86 43.53 9.87 0.42 2.00 0.17 0.05 130.15 13.65 32133.26 1.14 Infeasible
20.46 47.13 10.67 0.49 2.00 0.17 0.06 124.67 14.09 31915.21 1.10 Infeasible
