14.00 2.00 14.67 0.00 0.00 0.00 0.00 0.00 14.67 228.00 0.73 Solved
14.00 7.87 14.67 0.00 0.00 0.00 0.00 -0.00 14.67 222.13 1.01 Solved
14.00 13.73 14.67 0.00 0.00 0.00 0.00 -0.00 14.67 216.27 0.91 Solved
14.00 19.60 14.67 0.00 -0.00 0.00 0.00 -0.00 14.67 210.40 0.79 Solved
14.00 25.47 14.67 0.00 0.00 0.00 0.00 -0.00 14.67 204.53 1.17 Solved
14.00 31.33 14.67 0.00 -0.00 0.00 0.00 -0.00 14.67 198.67 1.86 Solved
14.00 37.20 14.67 0.00 -2.00 -0.17 -0.08 6.85 13.56 208.91 0.55 Infeasible
14.00 43.07 13.87 -0.07 -2.00 -0.17 -0.08 9.81 13.20 210.73 0.52 Infeasible
13.61 48.60 13.07 -0.14 -2.00 -0.17 -0.07 13.20 13.20 208.14 0.59 Infeasible
12.89 53.78 12.27 -0.21 2.00 -0.17 -0.07 17.94 14.37 198.02 0.57 Infeasible
11.87 58.58 13.07 -0.28 2.00 -0.17 -0.07 22.89 14.98 186.88 0.48 Infeasible
10.42 63.60 13.87 -0.35 2.00 -0.17 -0.08 19.71 14.01 180.79 0.54 Infeasible
8.53 68.81 14.67 -0.42 -2.00 0.17 0.08 16.40 13.20 181.52 0.54 Infeasible
6.14 74.17 13.87 -0.35 -2.00 0.17 0.08 12.97 13.20 188.63 0.39 Infeasible
4.24 79.38 13.07 -0.28 1.12 0.17 0.07 10.00 13.90 174.49 0.59 Solved
2.80 84.41 13.51 -0.21 0.80 0.12 0.05 10.00 14.11 170.40 0.61 Solved
1.68 89.69 13.84 -0.16 0.58 0.09 0.04 10.00 14.27 168.65 0.49 Solved
0.80 95.16 14.07 -0.12 0.42 0.07 0.03 10.00 14.38 168.16 0.63 Solved
0.09 100.74 14.23 -0.10 0.30 0.05 0.02 10.00 14.46 168.47 0.61 Solved
-0.47 106.41 14.36 -0.08 0.22 0.04 0.02 10.00 14.52 169.43 0.62 Solved
-0.91 112.13 14.44 -0.06 0.16 0.04 0.02 10.00 14.56 171.06 0.71 Acceptable
-1.26 117.90 14.50 -0.05 0.11 0.03 0.01 10.00 14.59 173.43 0.73 Solved
-1.53 123.69 14.55 -0.03 0.08 0.03 0.01 10.00 14.61 176.67 0.81 Solved
-1.73 129.51 14.58 -0.02 0.06 0.03 0.01 10.00 14.63 180.92 0.54 Solved
-1.85 135.34 14.61 -0.01 0.04 0.03 0.01 10.00 14.64 186.38 0.44 Solved
-1.89 141.18 14.62 0.00 0.03 0.03 0.01 10.00 14.64 193.24 0.52 Solved
-1.87 147.03 14.63 0.02 0.02 0.03 0.02 10.00 14.65 201.78 0.65 Solved
-1.76 152.88 14.64 0.03 0.02 0.04 0.02 10.00 14.65 212.30 0.71 Solved
-1.58 158.74 14.65 0.05 0.01 0.04 0.02 10.00 14.66 225.20 0.44 Solved
-1.31 164.59 14.65 0.06 0.01 0.04 0.02 10.00 14.66 240.95 0.60 Solved
-0.95 170.44 14.66 0.08 -1.02 0.05 0.02 10.00 13.89 266.01 0.48 Solved
-0.49 176.29 14.25 0.10 -1.66 0.05 0.02 10.00 13.01 299.14 0.64 Solved
0.06 181.96 13.58 0.12 -2.00 0.05 0.02 10.00 12.08 334.86 0.50 Solved
0.70 187.35 12.78 0.14 -2.00 0.05 0.02 10.00 11.09 372.51 0.33 Solved
1.40 192.42 11.98 0.16 -2.00 0.06 0.02 10.00 10.13 414.03 0.39 Solved
2.16 197.15 11.18 0.18 -2.00 0.06 0.02 10.00 9.26 459.82 0.93 Solved
