32.00 2.00 14.67 0.00 -0.00 -0.00 -0.00 0.00 14.67 519.84 4.25 Solved
32.00 9.33 14.67 -0.00 0.00 -0.00 -0.00 0.00 14.67 486.94 4.08 Solved
32.00 16.67 14.67 -0.00 -0.00 -0.00 -0.00 0.00 14.67 455.11 7.04 Solved
32.00 24.00 14.67 -0.00 -0.00 -0.27 -0.12 32.69 14.67 424.97 9.16 Solved
32.00 31.33 14.66 -0.13 0.00 0.17 0.08 -7.56 14.67 454.47 11.14 Solved
31.02 38.60 14.66 -0.05 0.00 0.14 0.06 -7.95 14.67 376.54 11.08 Solved
30.65 45.92 14.67 0.02 0.00 0.10 0.05 -8.39 14.67 339.27 12.88 Solved
30.78 53.25 14.67 0.07 0.00 0.07 0.03 -8.88 14.67 324.95 11.28 Solved
31.28 60.57 14.67 0.10 0.00 0.03 0.02 -9.42 14.67 318.94 12.31 Solved
32.03 67.86 14.67 0.12 0.00 0.00 0.00 -10.04 14.67 310.18 16.21 Solved
32.91 75.14 14.67 0.12 0.00 -0.00 -0.00 -10.75 14.67 291.68 19.90 Solved
33.79 82.42 14.67 0.12 0.00 -0.00 -0.00 -11.55 14.67 274.95 31.09 Solved
34.66 89.71 14.67 0.12 0.00 0.00 0.00 -12.49 14.67 260.14 31.42 Solved
35.54 96.99 14.67 0.12 0.00 0.00 0.00 -13.59 14.67 247.44 31.44 Solved
36.42 104.27 14.67 0.12 0.00 0.00 0.00 -14.90 14.67 237.08 31.69 Solved
37.29 111.55 14.67 0.12 0.00 -0.00 -0.00 -16.48 14.67 229.40 29.00 Solved
38.17 118.83 14.67 0.12 0.00 0.00 0.00 -18.42 14.67 224.81 45.95 Solved
39.05 126.11 14.67 0.12 0.00 0.00 0.00 -20.85 14.67 223.89 38.51 Solved
39.92 133.39 14.67 0.12 0.00 0.00 0.00 -23.98 14.67 227.44 31.07 Solved
40.80 140.67 14.67 0.12 0.00 -0.00 -0.00 -28.14 14.67 236.60 30.84 Solved
41.68 147.95 14.67 0.12 -0.00 -0.02 -0.01 -30.00 14.67 252.98 12.39 Solved
42.55 155.23 14.67 0.11 -0.00 -0.04 -0.02 -30.00 14.67 265.63 11.05 Solved
43.37 162.52 14.67 0.09 -0.00 -0.07 -0.03 -30.00 14.67 263.95 11.04 Solved
44.03 169.82 14.67 0.05 -0.00 -0.11 -0.05 -30.00 14.67 244.05 10.82 Solved
44.42 177.15 14.66 -0.00 -0.00 -0.16 -0.07 -30.00 14.67 201.72 11.60 Solved
