14.00 2.00 14.67 0.00 0.00 0.00 0.00 0.00 14.67 519.84 3.61 Solved
14.00 9.33 14.67 0.00 -0.00 0.00 0.00 0.00 14.67 486.94 0.15 Solved
14.00 16.67 14.67 0.00 -0.00 0.00 0.00 0.00 14.67 455.11 0.15 Solved
14.00 24.00 14.67 0.00 -0.00 0.00 0.00 0.00 14.67 424.36 0.15 Solved
14.00 31.33 14.67 0.00 0.00 0.00 0.00 0.00 14.67 394.68 0.17 Solved
14.00 38.67 14.67 0.00 0.00 0.00 0.00 0.00 14.67 366.08 0.16 Solved
14.00 46.00 14.67 0.00 -0.00 0.00 0.00 0.00 14.67 338.56 1.83 Solved
14.00 53.33 14.67 0.00 -0.05 0.27 0.12 -60.00 14.62 313.00 1.52 Solved
14.00 60.67 14.64 0.14 -0.01 0.41 0.19 -60.00 14.63 349.47 1.77 Solved
14.99 67.92 14.64 0.34 0.01 0.35 0.16 -60.00 14.64 657.60 1.91 Solved
17.43 74.82 14.64 0.51 0.02 0.18 0.08 -60.00 14.66 1183.53 1.40 Solved
21.02 81.20 14.65 0.60 0.02 0.01 0.00 -60.00 14.66 1614.57 1.66 Solved
25.18 87.23 14.66 0.61 0.01 -0.13 -0.06 -60.00 14.67 1746.29 2.00 Solved
29.36 93.25 14.66 0.54 0.00 -0.19 -0.09 -60.00 14.66 1588.30 2.05 Solved
33.13 99.53 14.66 0.44 0.00 -0.22 -0.10 -60.00 14.67 1314.94 1.78 Solved
36.28 106.16 14.66 0.33 0.00 -0.22 -0.10 -60.00 14.67 1011.51 1.97 Solved
38.66 113.09 14.66 0.22 0.00 -0.19 -0.09 -60.00 14.67 753.08 1.90 Solved
40.29 120.24 14.66 0.13 0.00 -0.16 -0.07 -60.00 14.67 561.89 1.92 Solved
41.23 127.51 14.66 0.05 0.00 -0.14 -0.07 -60.00 14.67 420.04 1.50 Solved
41.56 134.83 14.66 -0.03 0.00 -0.13 -0.06 -60.00 14.67 314.35 1.45 Solved
41.38 142.16 14.67 -0.09 0.00 -0.11 -0.05 -60.00 14.67 235.20 1.59 Solved
40.73 149.47 14.67 -0.14 0.00 -0.10 -0.04 -60.00 14.67 175.56 1.55 Solved
39.69 156.72 14.67 -0.19 0.00 -0.09 -0.04 -60.00 14.67 130.32 1.53 Solved
38.29 163.92 14.67 -0.23 0.00 -0.08 -0.03 -60.00 14.67 95.77 1.55 Solved
36.60 171.06 14.67 -0.27 0.00 -0.07 -0.03 -60.00 14.67 69.24 1.27 Solved
34.63 178.12 14.67 -0.31 0.00 -0.06 -0.03 -60.00 14.67 48.82 1.48 Solved
