32.00 2.00 14.67 0.00 -0.00 0.00 0.00 0.00 14.67 519.84 0.20 Solved
32.00 9.33 14.67 0.00 -0.00 0.00 0.00 0.00 14.67 486.94 0.20 Solved
32.00 16.67 14.67 0.00 -0.00 0.00 0.00 0.00 14.67 455.11 1.84 Solved
32.00 24.00 14.67 0.00 0.00 -0.00 -0.00 0.00 14.67 424.36 1.87 Solved
32.00 31.33 14.67 -0.00 0.00 -0.00 -0.00 0.00 14.67 394.68 1.97 Solved
32.00 38.67 14.67 -0.00 0.00 -0.00 -0.00 0.00 14.67 366.08 3.47 Solved
32.00 46.00 14.67 -0.00 0.00 -0.00 -0.00 0.00 14.67 338.56 3.92 Solved
32.00 53.33 14.67 -0.00 0.00 -0.00 -0.00 0.00 14.67 312.11 6.09 Solved
32.00 60.67 14.67 -0.00 0.00 0.00 0.00 0.00 14.67 286.74 6.11 Solved
32.00 68.00 14.67 -0.00 -0.00 -0.00 -0.00 0.00 14.67 262.44 9.19 Solved
32.00 75.33 14.67 -0.00 0.00 -0.00 -0.00 0.00 14.67 239.22 16.85 Solved
32.00 82.67 14.67 -0.00 -0.00 -0.34 -0.15 44.25 14.67 218.02 15.30 Solved
32.00 90.00 14.66 -0.17 0.00 0.13 0.06 0.23 14.67 288.81 20.82 Solved
30.77 97.23 14.67 -0.11 -0.01 0.12 0.05 -6.28 14.66 219.48 23.11 Solved
30.00 104.52 14.66 -0.05 0.01 0.16 0.07 -16.55 14.67 170.54 33.01 Solved
29.66 111.84 14.66 0.03 -0.00 0.28 0.13 -41.41 14.67 140.86 51.13 Solved
29.90 119.17 14.66 0.17 0.00 0.23 0.11 -45.60 14.67 198.51 55.84 Solved
31.14 126.40 14.66 0.29 0.00 0.19 0.09 -50.48 14.67 361.92 34.95 Solved
33.22 133.43 14.66 0.38 0.00 0.14 0.06 -56.15 14.67 600.61 36.40 Solved
35.94 140.24 14.66 0.45 0.00 0.09 0.04 -62.70 14.67 885.52 37.93 Solved
39.14 146.84 14.67 0.50 0.00 0.05 0.02 -70.11 14.67 1190.05 32.67 Solved
42.64 153.28 14.67 0.52 0.00 -0.00 -0.00 -78.28 14.67 1490.55 23.14 Solved
46.30 159.63 14.67 0.52 0.00 -0.00 -0.00 -86.96 14.67 1766.59 24.99 Solved
49.96 165.99 14.67 0.52 -0.01 -0.34 -0.16 -30.00 14.66 2125.04 25.29 Solved
53.62 172.34 14.66 0.35 -0.01 -0.35 -0.16 -30.00 14.66 1692.71 26.00 Solved
56.14 179.23 14.66 0.18 -0.01 -0.37 -0.17 -30.00 14.66 1298.34 25.64 Solved
57.43 186.44 14.65 -0.01 -0.01 -0.41 -0.19 -30.00 14.66 920.07 22.01 Solved
