32.00 2.00 14.67 0.00 -0.00 -0.00 -0.00 0.00 14.67 519.84 1.75 Solved
32.00 9.33 14.67 -0.00 0.00 -0.00 -0.00 -0.00 14.67 486.94 1.97 Solved
32.00 16.67 14.67 -0.00 0.00 -0.00 -0.00 0.00 14.67 455.11 6.64 Solved
32.00 24.00 14.67 -0.00 -0.00 -0.05 -0.02 6.27 14.67 424.38 9.06 Solved
32.00 31.33 14.67 -0.03 0.00 -0.05 -0.02 8.50 14.67 396.89 9.10 Solved
31.81 38.66 14.67 -0.05 0.00 -0.04 -0.02 8.94 14.67 375.54 7.67 Solved
31.43 45.99 14.67 -0.07 0.00 -0.04 -0.02 9.44 14.67 358.60 7.20 Solved
30.88 53.30 14.67 -0.09 0.00 -0.03 -0.01 9.98 14.67 344.45 10.15 Solved
30.20 60.60 14.67 -0.11 -0.00 -0.02 -0.01 10.60 14.67 331.66 12.49 Solved
29.42 67.89 14.67 -0.11 -0.00 -0.01 -0.00 11.29 14.67 319.00 23.94 Solved
28.58 75.18 14.67 -0.12 -0.00 -0.19 -0.09 37.09 14.67 305.75 20.80 Solved
27.71 82.46 14.67 -0.22 0.00 -0.19 -0.09 45.54 14.67 415.80 44.44 Solved
26.13 89.62 14.67 -0.31 0.00 -0.16 -0.07 48.57 14.67 608.36 28.67 Solved
23.88 96.60 14.67 -0.39 0.00 -0.13 -0.06 51.91 14.67 850.49 24.79 Solved
21.09 103.38 14.67 -0.46 0.00 -0.10 -0.04 55.58 14.67 1122.88 26.66 Solved
17.86 109.97 14.67 -0.50 0.00 -0.06 -0.03 59.60 14.67 1407.77 36.83 Solved
14.33 116.39 14.67 -0.53 -0.00 -0.03 -0.01 63.99 14.67 1688.95 38.70 Solved
10.59 122.71 14.67 -0.55 -0.00 -0.00 -0.00 68.73 14.67 1951.70 31.08 Solved
6.76 128.96 14.67 -0.55 -0.00 -0.00 -0.00 73.79 14.67 2182.74 29.88 Solved
2.93 135.21 14.67 -0.55 -0.01 0.25 0.11 30.00 14.67 2458.44 33.59 Solved
-0.91 141.46 14.66 -0.43 -0.00 0.23 0.11 30.00 14.67 2103.39 23.01 Solved
-3.95 148.13 14.66 -0.31 -0.00 0.22 0.10 30.00 14.67 1804.98 20.25 Solved
-6.19 155.11 14.66 -0.20 -0.00 0.22 0.10 30.00 14.67 1549.72 14.31 Solved
-7.64 162.30 14.66 -0.09 -0.00 0.22 0.10 30.00 14.67 1326.38 13.70 Solved
-8.31 169.60 14.66 0.02 -0.00 0.22 0.10 30.00 14.67 1125.18 10.78 Solved
-8.18 176.93 14.66 0.13 -0.00 0.23 0.10 30.00 14.67 937.10 12.18 Solved
-7.26 184.20 14.66 0.24 -0.00 0.25 0.11 30.00 14.66 753.18 12.10 Solved
-5.50 191.32 14.66 0.37 -0.00 0.29 0.13 30.00 14.66 564.01 8.64 Solved
