32.00 2.00 14.67 0.00 0.00 0.00 0.00 0.00 14.67 519.84 2.59 Solved
32.00 9.33 14.67 0.00 0.00 0.00 0.00 -0.00 14.67 486.94 1.98 Solved
32.00 16.67 14.67 0.00 -0.00 0.00 0.00 -0.00 14.67 455.11 9.34 Solved
32.00 24.00 14.67 0.00 -0.00 0.05 0.02 -6.30 14.67 424.38 19.09 Solved
32.00 31.33 14.66 0.03 -0.00 0.18 0.08 -24.84 14.67 397.14 17.16 Solved
32.19 38.66 14.66 0.12 -0.00 0.16 0.07 -26.07 14.67 412.68 16.84 Solved
33.05 45.94 14.66 0.20 0.00 0.13 0.06 -27.43 14.67 472.59 15.24 Solved
34.48 53.13 14.66 0.26 0.00 0.10 0.04 -28.92 14.67 558.55 16.84 Solved
36.36 60.22 14.66 0.31 0.00 0.06 0.03 -30.56 14.67 652.96 21.80 Solved
38.58 67.21 14.66 0.34 0.00 0.03 0.01 -32.39 14.67 739.88 32.02 Solved
41.02 74.12 14.66 0.36 0.00 0.00 0.00 -34.41 14.67 805.78 33.96 Solved
43.58 80.99 14.67 0.36 0.00 0.00 0.00 -36.67 14.67 840.22 30.19 Solved
46.13 87.87 14.67 0.36 0.00 0.00 0.00 -39.20 14.67 883.77 36.29 Solved
48.69 94.74 14.67 0.36 0.00 -0.00 -0.00 -42.04 14.67 937.98 35.60 Solved
51.24 101.61 14.67 0.36 0.00 -0.00 -0.00 -45.22 14.67 1004.79 35.04 Solved
53.80 108.49 14.67 0.36 0.00 0.00 0.00 -48.79 14.67 1086.57 43.92 Solved
56.36 115.36 14.67 0.36 0.00 0.00 0.00 -52.81 14.67 1186.30 35.80 Solved
58.91 122.24 14.67 0.36 0.00 -0.00 -0.00 -57.30 14.67 1307.70 34.57 Solved
61.47 129.11 14.67 0.36 0.00 -0.00 -0.00 -62.29 14.67 1455.45 29.66 Solved
64.02 135.98 14.67 0.36 -0.00 -0.18 -0.08 -30.00 14.67 1635.96 18.72 Solved
66.58 142.86 14.66 0.26 -0.00 -0.18 -0.08 -30.00 14.67 1438.81 8.20 Solved
68.49 149.94 14.66 0.17 -0.00 -0.18 -0.08 -30.00 14.67 1266.02 3.03 Solved
69.76 157.16 14.66 0.09 -0.00 -0.18 -0.08 -30.00 14.67 1110.71 3.03 Solved
70.38 164.46 14.66 -0.00 -0.00 -0.18 -0.08 -30.00 14.67 966.70 3.02 Solved
70.36 171.79 14.66 -0.10 -0.00 -0.19 -0.09 -30.00 14.67 827.99 3.15 Solved
69.66 179.09 14.66 -0.19 -0.00 -0.21 -0.10 -30.00 14.67 688.36 3.08 Solved
68.25 186.29 14.66 -0.30 -0.00 -0.24 -0.11 -30.00 14.66 540.85 1.48 Solved
66.09 193.29 14.66 -0.42 -0.15 0.02 0.01 -15.76 14.55 380.62 18.73 Max-Iter
