14.00 2.00 14.67 0.00 0.00 0.00 0.00 0.00 14.67 0.52 0.45 Solved
14.00 9.33 14.67 0.00 0.00 0.00 0.00 0.00 14.67 0.49 0.38 Solved
14.00 16.67 14.67 0.00 0.00 0.00 0.00 0.00 14.67 0.46 0.30 Solved
14.00 24.00 14.67 0.00 0.00 0.00 0.00 0.00 14.67 0.42 0.20 Solved
14.00 31.33 14.67 0.00 0.00 0.00 0.00 0.00 14.67 0.39 0.15 Solved
14.00 38.67 14.67 0.00 0.00 0.00 0.00 0.00 14.67 0.37 0.28 Solved
14.00 46.00 14.67 0.00 0.00 0.00 0.00 0.00 14.67 0.34 0.18 Solved
14.00 53.33 14.67 0.00 0.00 0.00 0.00 0.00 14.67 0.31 0.18 Solved
14.00 60.67 14.67 0.00 0.00 0.00 0.00 0.00 14.67 0.29 0.18 Solved
14.00 68.00 14.67 0.00 0.00 0.00 0.00 0.00 14.67 0.26 0.16 Solved
14.00 75.33 14.67 0.00 -0.00 -0.00 -0.00 -0.00 14.67 0.24 1.30 Solved
14.00 82.67 14.67 -0.00 -0.02 0.22 0.10 -19.29 14.66 0.53 1.32 Solved
14.00 90.00 14.66 0.11 0.01 0.27 0.12 -32.01 14.67 0.70 1.23 Solved
14.80 97.29 14.66 0.25 0.00 0.21 0.09 -34.24 14.67 0.60 1.37 Solved
16.59 104.40 14.66 0.35 0.00 0.14 0.06 -36.76 14.67 0.68 1.19 Solved
19.10 111.29 14.67 0.42 0.00 0.07 0.03 -39.61 14.67 0.85 1.27 Solved
22.07 117.99 14.67 0.45 0.00 -0.00 -0.00 -42.85 14.67 1.03 1.14 Solved
25.27 124.58 14.67 0.45 0.00 0.00 0.00 -46.55 14.67 1.14 1.24 Solved
28.48 131.18 14.67 0.45 0.00 -0.00 -0.00 -50.76 14.67 1.27 1.24 Solved
31.68 137.78 14.67 0.45 -0.00 -0.07 -0.03 -45.00 14.67 1.51 1.12 Solved
34.89 144.37 14.67 0.42 -0.00 -0.09 -0.04 -45.00 14.67 1.59 1.12 Solved
37.85 151.08 14.67 0.37 -0.00 -0.11 -0.05 -45.00 14.67 1.67 1.16 Solved
40.50 157.92 14.67 0.32 -0.00 -0.13 -0.06 -45.00 14.67 1.73 1.28 Solved
42.78 164.89 14.66 0.25 -0.00 -0.15 -0.07 -45.00 14.67 1.79 1.13 Solved
44.61 171.99 14.66 0.18 -0.00 -0.17 -0.08 -45.00 14.67 1.84 1.11 Solved
45.91 179.20 14.66 0.09 -0.00 -0.20 -0.09 -45.00 14.66 1.89 0.25 Solved
46.60 186.50 14.66 -0.00 -0.00 -0.23 -0.10 -45.00 14.66 1.97 0.29 Solved
46.57 193.83 14.66 -0.12 -0.01 -0.27 -0.12 -45.00 14.66 2.08 0.30 Solved
45.71 201.11 14.66 -0.25 -0.01 -0.34 -0.15 -45.00 14.66 2.30 0.39 Solved
43.87 208.21 14.65 -0.42 -0.03 -0.48 -0.22 -45.00 14.65 2.91 0.35 Solved
